scc2020
2
22 17 5
--field GF(2)
# finite_grid_coned_chain_complex
# original_grid_upper: 2 2
# coned_grid_upper: 3 3
# matrix block 1
3 0 ; 1 5 6
3 0 ; 2 5 7
3 0 ; 3 6 8
3 0 ; 4 7 8
2 1 ; 1 2 10
3 1 ; 6 7 10
1 2 ; 3 4 10
2 2 ; 4 11 12
3 2 ; 7 9 11
3 2 ; 8 9 12
0 3 ; 1 13 14
0 3 ; 2 13 15
0 3 ; 3 14 16
0 3 ; 4 15 16
1 3 ; 10 14 15
2 3 ; 11 15 17
2 3 ; 12 16 17
3 3 ; 5 13
3 3 ; 6 14
3 3 ; 7 15
3 3 ; 8 16
3 3 ; 9 17
# matrix block 2
0 0 ; 1 2
0 0 ; 1 3
0 0 ; 2 4
0 0 ; 3 4
3 0 ; 1
3 0 ; 2
3 0 ; 3
3 0 ; 4
3 0 ; 5
1 1 ; 2 3
2 2 ; 3 5
2 2 ; 4 5
0 3 ; 1
0 3 ; 2
0 3 ; 3
0 3 ; 4
2 3 ; 5
# Row grades for final term
0 0
0 0
0 0
0 0
2 0
