scc2020
2
0 409 409
--field GF(2)
# finite_grid_projective_resolution
# summand_kind: P_G
# minimal_expected: true
# minimal_verified_by_2pac_before_grid_extraction: true
# grid min: 0 0
# grid max: 1869 1
# matrix block 1
# matrix block 2
29 0 ; 1
33 0 ; 2
66 0 ; 3
105 1 ; 191
111 0 ; 5
113 0 ; 4
142 1 ; 192
144 1 ; 193
158 0 ; 6
180 0 ; 8
183 0 ; 7
193 1 ; 194
201 1 ; 195
202 0 ; 10
204 0 ; 11
208 0 ; 9
220 1 ; 196
252 0 ; 15
253 0 ; 14
255 0 ; 12
259 0 ; 13
262 1 ; 198
271 1 ; 197
279 0 ; 17
290 0 ; 19
300 0 ; 16
309 0 ; 21
310 1 ; 199
312 0 ; 18
315 0 ; 23
321 0 ; 22
326 0 ; 24
330 0 ; 20
336 0 ; 25
340 0 ; 26
344 1 ; 200
350 0 ; 27
374 0 ; 29
395 0 ; 28
398 1 ; 202
402 0 ; 30
407 0 ; 31
432 1 ; 201
433 1 ; 204
435 0 ; 32
442 1 ; 205
449 0 ; 38
451 0 ; 36
467 0 ; 40
472 1 ; 208
480 1 ; 35 206
488 1 ; 207
490 0 ; 42
495 0 ; 34
497 1 ; 209
499 0 ; 41
514 0 ; 45
519 0 ; 46
530 0 ; 33
533 0 ; 47
537 0 ; 49
543 1 ; 211
545 0 ; 43
548 0 ; 48
549 0 ; 39
559 0 ; 51
561 0 ; 35
562 0 ; 50
565 0 ; 37
570 0 ; 53
583 0 ; 56
584 1 ; 212
596 0 ; 57
600 0 ; 52
603 0 ; 54
611 0 ; 59
613 0 ; 44
617 0 ; 58
621 1 ; 214
622 0 ; 61
643 0 ; 65
649 0 ; 64
654 0 ; 66
662 0 ; 55
663 0 ; 63
666 1 ; 219
669 0 ; 62
674 1 ; 203
675 1 ; 69 210
683 0 ; 70
685 1 ; 218
689 0 ; 67
695 0 ; 71
696 0 ; 69
697 1 ; 75
702 0 ; 60
706 0 ; 78
707 0 ; 77
709 1 ; 221
710 0 ; 73
716 0 ; 80
718 1 ; 72 74 81 216
721 1 ; 213
730 1 ; 217
738 0 ; 84
741 1 ; 225
742 0 ; 85
743 0 ; 83
746 1 ; 87
749 0 ; 86
750 0 ; 79
751 0 ; 76
754 1 ; 229
755 1 ; 223
764 1 ; 222
766 1 ; 215
769 0 ; 81
777 1 ; 228
784 0 ; 89
785 0 ; 88
794 0 ; 92
795 1 ; 224
796 0 ; 74
802 0 ; 93
808 0 ; 90
811 0 ; 94
813 1 ; 231
814 1 ; 227
815 1 ; 220
826 0 ; 99
827 0 ; 97
835 0 ; 95
840 0 ; 100
846 1 ; 232
852 0 ; 101
853 1 ; 234
859 1 ; 105 235
863 0 ; 106
866 1 ; 75 108 233
868 0 ; 107
869 1 ; 103 226
871 0 ; 109
876 1 ; 35 108 112
879 1 ; 237
880 0 ; 104
882 0 ; 110
887 0 ; 114
892 0 ; 113
895 1 ; 239
897 0 ; 72
905 0 ; 103
907 0 ; 116
911 0 ; 117
928 0 ; 123
934 1 ; 240
941 0 ; 105
944 0 ; 127
947 0 ; 118
952 1 ; 238
954 0 ; 126
955 0 ; 122
956 1 ; 241
957 1 ; 242
959 0 ; 129
960 0 ; 91
962 1 ; 243
963 0 ; 115
964 1 ; 236
970 0 ; 124
972 0 ; 102
975 0 ; 82
976 0 ; 120
985 0 ; 125
986 0 ; 131
987 0 ; 96
996 0 ; 98
998 0 ; 132
999 1 ; 245
1007 1 ; 247
1011 1 ; 230
1012 0 ; 133
1020 1 ; 246
1023 0 ; 119
1025 0 ; 135
1026 1 ; 136
1030 1 ; 249
1040 0 ; 137
1041 0 ; 134
1050 1 ; 140 244
1052 0 ; 140
1053 1 ; 251
1054 0 ; 141
1058 0 ; 68
1060 1 ; 250
1061 0 ; 121
1067 0 ; 138
1069 0 ; 146
1074 0 ; 147
1079 0 ; 144
1083 1 ; 256
1085 0 ; 148
1088 0 ; 130
1089 1 ; 257
1090 0 ; 128
1096 1 ; 151
1097 1 ; 258
1102 1 ; 253
1110 0 ; 150
1115 0 ; 152
1118 1 ; 264
1119 0 ; 153
1120 0 ; 145
1122 1 ; 262
1123 0 ; 149
1131 1 ; 252
1135 0 ; 139
1136 0 ; 154
1144 0 ; 156
1145 0 ; 157
1149 1 ; 267
1150 1 ; 108 112 159
1152 0 ; 158
1154 0 ; 143
1156 0 ; 155
1161 1 ; 268
1170 1 ; 270
1173 1 ; 261
1176 0 ; 162
1177 1 ; 271
1179 0 ; 111
1182 1 ; 272
1187 1 ; 273
1189 0 ; 161
1192 1 ; 263
1195 1 ; 269
1197 0 ; 160
1201 0 ; 142
1203 1 ; 164
1208 1 ; 274
1213 1 ; 275
1215 1 ; 277
1216 1 ; 276
1228 1 ; 281
1230 1 ; 248
1236 1 ; 255
1242 0 ; 166
1243 0 ; 168
1248 1 ; 280
1251 0 ; 170
1254 1 ; 75 283
1260 1 ; 165
1263 0 ; 171
1269 1 ; 284
1272 1 ; 254
1274 0 ; 167
1275 1 ; 286
1278 1 ; 266
1279 1 ; 258 279
1280 1 ; 265
1284 0 ; 174
1285 0 ; 173
1291 1 ; 287
1292 0 ; 175
1293 0 ; 172
1294 0 ; 169
1297 0 ; 176
1303 1 ; 282
1308 1 ; 178
1319 1 ; 290
1322 1 ; 289
1327 1 ; 178 179 259
1328 1 ; 293
1332 1 ; 75 112 159 177 291
1333 1 ; 297
1336 1 ; 295
1337 0 ; 177
1341 1 ; 301
1352 1 ; 300
1354 1 ; 302
1357 1 ; 294
1361 1 ; 163 180 303
1362 0 ; 180
1369 1 ; 304
1373 1 ; 305
1376 1 ; 292
1378 1 ; 307
1380 1 ; 163
1386 1 ; 140 181
1390 1 ; 299
1396 1 ; 182
1404 1 ; 87 296
1406 1 ; 312
1410 1 ; 178 179 183
1418 1 ; 315
1420 1 ; 285
1421 1 ; 310
1427 1 ; 318
1431 1 ; 320
1440 1 ; 319
1443 1 ; 321
1453 1 ; 322
1456 1 ; 323
1461 1 ; 324
1462 1 ; 313
1465 1 ; 314
1472 1 ; 325
1474 1 ; 326
1475 1 ; 288
1477 1 ; 327
1478 1 ; 298
1481 1 ; 328
1484 1 ; 226 311
1486 1 ; 316
1496 0 ; 184
1500 1 ; 331
1509 1 ; 278
1519 1 ; 333
1521 1 ; 183 335
1524 1 ; 334
1525 1 ; 329
1532 1 ; 337
1540 1 ; 332
1561 1 ; 344
1564 1 ; 346
1566 1 ; 345
1567 1 ; 341
1570 1 ; 330
1572 1 ; 165 343
1573 1 ; 342
1576 1 ; 185 186 309
1579 0 ; 186
1580 1 ; 317
1588 1 ; 216 348
1590 0 ; 187
1592 1 ; 188 260
1593 1 ; 347
1596 1 ; 260 349
1599 1 ; 189
1609 1 ; 350
1612 1 ; 340
1613 1 ; 353
1614 1 ; 335 336
1618 1 ; 349 355
1622 1 ; 354
1624 1 ; 189 338
1635 1 ; 361
1636 1 ; 352
1638 1 ; 360
1641 1 ; 296 311 339
1643 1 ; 336 363
1645 1 ; 364
1648 1 ; 69 105 179
1650 1 ; 365
1652 1 ; 308
1653 1 ; 366
1654 1 ; 362
1656 1 ; 306
1659 1 ; 369
1660 1 ; 367
1663 1 ; 371
1668 1 ; 351
1672 1 ; 185 190
1675 1 ; 368
1679 1 ; 338 373
1682 1 ; 372
1685 1 ; 188 376
1688 1 ; 87 103 188
1689 1 ; 358
1690 1 ; 185
1693 1 ; 375
1694 1 ; 357
1697 1 ; 379
1699 1 ; 370
1704 1 ; 108 112 380
1706 1 ; 359
1710 1 ; 377
1711 1 ; 378
1719 1 ; 35 75 108
1720 1 ; 374
1721 1 ; 381
1732 1 ; 181 356
1735 1 ; 386
1747 1 ; 356 385
1748 1 ; 390
1750 1 ; 391
1757 1 ; 136 388
1758 1 ; 185 383
1771 1 ; 398
1772 1 ; 399
1773 1 ; 397
1778 1 ; 400
1779 1 ; 383 385 389
1782 1 ; 396
1787 1 ; 401
1788 1 ; 395
1791 1 ; 388 392
1796 1 ; 136 387
1798 1 ; 402
1801 1 ; 389 394
1805 1 ; 394 406
1808 1 ; 291 404
1810 1 ; 376 403
1811 1 ; 404 405
1814 1 ; 406 407
1816 1 ; 185 190 291 384
1822 1 ; 136 190 291 356 382
1825 1 ; 403 408
1826 1 ; 376 382 384 393
1832 1 ; 151 409
# Row grades for final term
23 0
28 0
61 0
93 0
107 0
130 0
165 0
172 0
194 0
196 0
203 0
212 0
236 0
247 0
250 0
269 0
270 0
276 0
287 0
297 0
301 0
303 0
314 0
322 0
327 0
339 0
347 0
362 0
370 0
384 0
405 0
409 0
411 0
412 0
430 0
431 0
438 0
447 0
452 0
465 0
483 0
487 0
491 0
507 0
511 0
515 0
518 0
520 0
534 0
550 0
558 0
567 0
569 0
571 0
576 0
581 0
582 0
608 0
609 0
610 0
618 0
623 0
633 0
637 0
642 0
651 0
671 0
672 0
675 0
677 0
680 0
684 0
687 0
692 0
697 0
698 0
699 0
700 0
701 0
711 0
718 0
719 0
723 0
733 0
740 0
744 0
746 0
760 0
768 0
782 0
790 0
793 0
798 0
804 0
807 0
819 0
822 0
824 0
825 0
836 0
841 0
856 0
857 0
858 0
859 0
860 0
865 0
866 0
870 0
873 0
875 0
876 0
881 0
883 0
884 0
901 0
906 0
914 0
915 0
917 0
918 0
919 0
921 0
923 0
924 0
931 0
943 0
951 0
958 0
966 0
977 0
983 0
997 0
1019 0
1021 0
1026 0
1029 0
1039 0
1044 0
1050 0
1051 0
1056 0
1059 0
1062 0
1064 0
1068 0
1073 0
1082 0
1087 0
1091 0
1096 0
1103 0
1107 0
1116 0
1133 0
1134 0
1139 0
1147 0
1150 0
1155 0
1174 0
1175 0
1196 0
1203 0
1219 0
1237 0
1238 0
1239 0
1244 0
1249 0
1258 0
1268 0
1281 0
1282 0
1283 0
1286 0
1304 0
1308 0
1327 0
1361 0
1386 0
1396 0
1410 0
1494 0
1571 0
1576 0
1583 0
1592 0
1599 0
1672 0
96 1
132 1
143 1
163 1
174 1
218 1
260 1
261 1
275 1
306 1
337 1
346 1
400 1
408 1
437 1
440 1
445 1
463 1
492 1
540 1
542 1
566 1
585 1
619 1
636 1
645 1
650 1
661 1
665 1
676 1
708 1
724 1
731 1
732 1
734 1
735 1
745 1
747 1
753 1
758 1
812 1
842 1
844 1
851 1
854 1
862 1
874 1
893 1
894 1
912 1
927 1
942 1
949 1
991 1
994 1
995 1
1000 1
1005 1
1028 1
1046 1
1049 1
1063 1
1075 1
1076 1
1077 1
1078 1
1081 1
1093 1
1099 1
1101 1
1106 1
1109 1
1111 1
1112 1
1138 1
1143 1
1148 1
1157 1
1159 1
1163 1
1168 1
1181 1
1186 1
1200 1
1205 1
1209 1
1214 1
1217 1
1224 1
1225 1
1226 1
1235 1
1253 1
1257 1
1270 1
1273 1
1277 1
1298 1
1300 1
1302 1
1305 1
1312 1
1313 1
1316 1
1320 1
1321 1
1326 1
1329 1
1338 1
1339 1
1340 1
1349 1
1356 1
1359 1
1366 1
1374 1
1375 1
1379 1
1388 1
1389 1
1400 1
1405 1
1411 1
1414 1
1417 1
1419 1
1422 1
1424 1
1425 1
1430 1
1437 1
1451 1
1452 1
1457 1
1466 1
1473 1
1476 1
1480 1
1483 1
1495 1
1497 1
1511 1
1514 1
1516 1
1520 1
1527 1
1528 1
1534 1
1536 1
1538 1
1548 1
1557 1
1559 1
1560 1
1562 1
1563 1
1581 1
1586 1
1594 1
1602 1
1605 1
1608 1
1611 1
1615 1
1616 1
1617 1
1621 1
1623 1
1625 1
1627 1
1631 1
1632 1
1642 1
1644 1
1649 1
1651 1
1655 1
1657 1
1658 1
1661 1
1662 1
1670 1
1671 1
1677 1
1680 1
1684 1
1687 1
1692 1
1696 1
1701 1
1709 1
1722 1
1729 1
1730 1
1733 1
1734 1
1737 1
1740 1
1745 1
1746 1
1749 1
1755 1
1761 1
1764 1
1765 1
1766 1
1767 1
1769 1
1770 1
1775 1
1786 1
1792 1
1795 1
1800 1
1803 1
1804 1
1812 1
1824 1
1827 1
