scc2020
2
406 625 219
--field GF(2)
# finite_grid_injective_coresolution
# summand_kind: Q_G
# minimal_expected: true
# epsilon: 1 1
# grid min: 0 0
# grid max: 1869 1
# semantic note: matrix blocks are ordered b0, b1, ... for Q^0 -> Q^1 -> ... .
# matrix block 1
28 1 ; 1
32 1 ; 2
65 1 ; 3
104 1 ; 5 6
110 1 ; 7
112 1 ; 4
141 1 ; 9 10
143 1 ; 11 12
157 1 ; 8
179 1 ; 15
182 1 ; 14
192 1 ; 13 17
200 1 ; 16 20
201 1 ; 19
203 1 ; 21
207 1 ; 18
219 1 ; 23 24
251 1 ; 27
252 1 ; 26
254 1 ; 22
258 1 ; 25
261 1 ; 29 30
270 1 ; 28 33
278 1 ; 32
289 1 ; 36
299 1 ; 31
308 1 ; 38
309 1 ; 34 41
311 1 ; 35
314 1 ; 42
320 1 ; 39
325 1 ; 43
329 1 ; 37
335 1 ; 44
339 1 ; 46
343 1 ; 40 47
349 1 ; 49
373 1 ; 51
394 1 ; 50
397 1 ; 48 53
401 1 ; 52
406 1 ; 55
431 1 ; 45 62
432 1 ; 56 63
434 1 ; 57
441 1 ; 64 67
448 1 ; 69
450 1 ; 61
466 1 ; 72
471 1 ; 71 73
479 1 ; 60 66 74
487 1 ; 68 77
489 1 ; 76
494 1 ; 59
496 1 ; 79 80
498 1 ; 75
513 1 ; 82
518 1 ; 83
529 1 ; 58
532 1 ; 84
536 1 ; 86
542 1 ; 88 89
544 1 ; 78
547 1 ; 85
548 1 ; 70
558 1 ; 91
560 1 ; 60
561 1 ; 90
564 1 ; 65
569 1 ; 94
582 1 ; 97
583 1 ; 92 99
595 1 ; 98
599 1 ; 93
602 1 ; 95
610 1 ; 102
612 1 ; 81
616 1 ; 101
620 1 ; 105 106
621 1 ; 104
642 1 ; 111
648 1 ; 110
653 1 ; 114
661 1 ; 96
662 1 ; 108
665 1 ; 116 117
668 1 ; 107
673 1 ; 54 120
682 1 ; 123
684 1 ; 115 126
688 1 ; 118
694 1 ; 124
695 1 ; 87 121
701 1 ; 103
705 1 ; 132
706 1 ; 131
708 1 ; 134 135
709 1 ; 127
715 1 ; 136
720 1 ; 100 139
729 1 ; 113 142
737 1 ; 145
740 1 ; 141 146 149
741 1 ; 148
742 1 ; 140
748 1 ; 150
749 1 ; 133
750 1 ; 130
753 1 ; 154 155
754 1 ; 143 156
763 1 ; 141 159
765 1 ; 109 160
768 1 ; 112 128 137
776 1 ; 144 153 162
783 1 ; 161
784 1 ; 158
793 1 ; 165
794 1 ; 144 166
795 1 ; 112 125 137
801 1 ; 167
807 1 ; 163
810 1 ; 168
812 1 ; 170 171
813 1 ; 151 172
814 1 ; 122 173
825 1 ; 177
826 1 ; 175
834 1 ; 169
839 1 ; 178
845 1 ; 180 182
851 1 ; 179
852 1 ; 183 184
862 1 ; 190
867 1 ; 192
868 1 ; 147 187 194
870 1 ; 195
878 1 ; 197 200
879 1 ; 188
881 1 ; 74 149 159 181 193 196
886 1 ; 202
891 1 ; 201
894 1 ; 205 206
896 1 ; 112 137
904 1 ; 147 194
906 1 ; 207
910 1 ; 208
927 1 ; 210 215
933 1 ; 209 220
940 1 ; 185 189
943 1 ; 222
946 1 ; 210
951 1 ; 204 225
953 1 ; 219
954 1 ; 214
955 1 ; 218 226
956 1 ; 121 221 227
958 1 ; 228
959 1 ; 164
961 1 ; 223 229
962 1 ; 203
963 1 ; 191 230
969 1 ; 216
971 1 ; 186
974 1 ; 138
975 1 ; 212
984 1 ; 217
985 1 ; 232
986 1 ; 174
995 1 ; 176
997 1 ; 233
998 1 ; 235 238
1006 1 ; 239 241
1010 1 ; 157 242
1011 1 ; 237
1019 1 ; 236 244
1022 1 ; 211
1024 1 ; 245
1029 1 ; 247 249
1039 1 ; 248
1040 1 ; 243
1051 1 ; 234 254
1052 1 ; 253 256
1053 1 ; 255
1057 1 ; 119
1059 1 ; 252 259
1060 1 ; 213
1066 1 ; 250
1068 1 ; 263
1073 1 ; 264
1078 1 ; 260
1082 1 ; 268 271
1084 1 ; 270
1087 1 ; 231
1088 1 ; 269 273
1089 1 ; 224
1096 1 ; 275 277
1101 1 ; 265 280
1109 1 ; 274
1114 1 ; 281
1117 1 ; 286 288
1118 1 ; 283
1119 1 ; 262
1121 1 ; 284 289
1122 1 ; 272
1130 1 ; 261 290
1134 1 ; 251
1135 1 ; 287
1143 1 ; 292
1144 1 ; 294
1148 1 ; 297 298
1151 1 ; 291 296
1153 1 ; 258
1155 1 ; 291
1160 1 ; 301 303
1169 1 ; 304 306
1172 1 ; 47 99 282 307
1175 1 ; 309
1176 1 ; 305 310
1178 1 ; 198
1181 1 ; 311 312
1186 1 ; 313 314
1188 1 ; 276 308
1191 1 ; 285 315
1194 1 ; 302 316
1196 1 ; 300
1200 1 ; 257
1207 1 ; 318 321
1212 1 ; 320 323
1214 1 ; 324 325
1215 1 ; 322 326
1227 1 ; 331 332
1229 1 ; 240 333
1235 1 ; 267 335
1241 1 ; 336
1242 1 ; 338
1247 1 ; 295 330 340
1250 1 ; 341
1253 1 ; 129 342 343
1259 1 ; 328 346
1262 1 ; 345
1268 1 ; 295 344 348
1271 1 ; 266 350
1273 1 ; 337
1274 1 ; 351 352
1277 1 ; 295 354
1278 1 ; 277 329 355
1279 1 ; 293 356
1283 1 ; 358
1284 1 ; 339 357
1290 1 ; 353 361
1291 1 ; 359
1292 1 ; 347
1293 1 ; 276 339
1296 1 ; 346 360
1302 1 ; 334 365
1318 1 ; 364 372
1321 1 ; 149 159 363 375
1327 1 ; 370 378
1331 1 ; 74 149 159 366 367 380
1332 1 ; 376 381
1335 1 ; 373 382
1336 1 ; 74 149 159 181 193 299 366
1340 1 ; 385 386
1351 1 ; 384 388
1353 1 ; 387 389
1356 1 ; 371 391
1361 1 ; 278 317 390 393
1368 1 ; 392 395
1372 1 ; 394 396
1375 1 ; 369 399
1377 1 ; 398 400
1379 1 ; 317 402
1389 1 ; 383 406
1403 1 ; 152 374 409
1405 1 ; 408 410 411
1417 1 ; 279 415 416
1419 1 ; 349 418
1420 1 ; 279 405 419
1426 1 ; 421 423
1430 1 ; 424 425
1439 1 ; 379 422 427
1442 1 ; 426 428
1452 1 ; 429 431
1455 1 ; 430 432
1460 1 ; 433 434
1461 1 ; 413 435
1464 1 ; 414 436
1471 1 ; 408 437 438
1473 1 ; 279 439 440
1474 1 ; 362 441
1476 1 ; 442 443
1477 1 ; 327 379 444
1480 1 ; 445 446
1483 1 ; 194 279 408 448
1485 1 ; 417 449
1495 1 ; 450
1499 1 ; 452 453
1508 1 ; 121 327 454
1518 1 ; 456 458
1520 1 ; 377 412 459 460
1523 1 ; 457 461
1524 1 ; 447 462
1531 1 ; 278 464 465
1539 1 ; 455 469
1560 1 ; 473 474
1563 1 ; 476 477
1565 1 ; 475 478
1566 1 ; 470 479
1569 1 ; 397 451 480
1571 1 ; 346 472 482
1572 1 ; 471 483
1578 1 ; 404 481 484
1579 1 ; 420 485
1587 1 ; 137 488 489
1589 1 ; 404 484 487
1592 1 ; 486 491
1595 1 ; 492 493
1608 1 ; 495 498
1611 1 ; 468 500
1612 1 ; 499 501
1613 1 ; 278 377 412 460 463 502
1617 1 ; 493 504 506
1621 1 ; 503 508
1623 1 ; 466 494 510
1634 1 ; 513 515
1635 1 ; 467 497 516
1637 1 ; 467 512 517
1640 1 ; 152 194 279 409 448 467 518
1642 1 ; 121 278 377 412 460 502 519 520
1644 1 ; 521 522
1647 1 ; 121 278 368 377 523
1649 1 ; 524 525
1651 1 ; 401 527
1652 1 ; 526 528
1653 1 ; 509 514 529
1655 1 ; 397 531
1658 1 ; 47 99 533 534
1659 1 ; 511 530 535
1662 1 ; 537 538
1667 1 ; 496 539
1674 1 ; 509 532 543
1678 1 ; 494 510 541 545
1681 1 ; 540 547
1684 1 ; 490 548 549
1687 1 ; 152 279 490 551
1688 1 ; 152 490 509 551 552
1689 1 ; 404 484 553
1692 1 ; 546 555
1693 1 ; 507 556
1696 1 ; 557 558
1698 1 ; 536 559
1703 1 ; 74 149 159 199 560 561
1705 1 ; 511 562
1709 1 ; 550 564
1710 1 ; 74 149 159 554 565
1718 1 ; 74 149 159 181 193 566
1719 1 ; 544 567
1720 1 ; 563 568
1731 1 ; 47 99 403 505 572
1734 1 ; 574 575
1746 1 ; 403 571 572 573 580
1747 1 ; 579 581
1749 1 ; 578 582 583
1756 1 ; 246 577 585
1757 1 ; 553 570 586
1770 1 ; 587 592 594
1771 1 ; 589 593 595
1772 1 ; 587 591 596
1777 1 ; 587 597 598
1778 1 ; 403 553 571 572 578 580 586 599
1781 1 ; 569 576 590 600
1786 1 ; 152 490 551 576 601 602
1787 1 ; 152 490 551 576 589 603
1790 1 ; 246 584 585 604
1795 1 ; 246 569 576 607
1797 1 ; 588 605 608
1800 1 ; 152 246 403 490 551 553 569 571 572 580 586 588 599 607 610
1804 1 ; 152 246 403 490 551 553 569 571 572 580 586 599 607 610 612 613
1807 1 ; 299 380 566 571 609 614
1809 1 ; 490 549 587 606 615
1810 1 ; 299 380 566 571 611 614 616
1813 1 ; 152 246 403 490 551 553 569 571 572 580 586 599 607 610 613 617 618
1815 1 ; 299 380 542 566 571 619
1821 1 ; 152 246 299 380 403 490 542 551 553 566 569 572 620
1824 1 ; 490 549 587 615 621 622
1825 1 ; 152 246 299 380 403 542 549 551 553 566 572 587 620 623
1831 1 ; 276 624 625
1869 0 ; 129
1869 0 ; 152
1869 0 ; 199
1869 0 ; 246
1869 0 ; 276
1869 0 ; 299
1869 0 ; 319
1869 0 ; 346
1869 0 ; 368
1869 0 ; 402
1869 0 ; 403
1869 0 ; 407
1869 0 ; 412
1869 0 ; 494
1869 0 ; 523
1869 0 ; 542
1869 0 ; 551
1869 0 ; 553
1869 0 ; 566
# matrix block 2
22 1 ;
27 1 ;
60 1 ;
92 1 ;
95 1 ; 1
104 0 ; 1
106 1 ;
129 1 ;
131 1 ; 2
141 0 ; 2
142 1 ; 3
143 0 ; 3
162 1 ; 4
164 1 ;
171 1 ;
173 1 ; 5
192 0 ; 4
193 1 ;
195 1 ;
200 0 ; 5
202 1 ;
211 1 ;
217 1 ; 6
219 0 ; 6
235 1 ;
246 1 ;
249 1 ;
259 1 ; 7
260 1 ; 8
261 0 ; 8
268 1 ;
269 1 ;
270 0 ; 7
274 1 ; 9
275 1 ;
286 1 ;
296 1 ;
300 1 ;
302 1 ;
305 1 ; 10
309 0 ; 9
313 1 ;
321 1 ;
326 1 ;
336 1 ; 11
338 1 ;
343 0 ; 10
345 1 ; 12
346 1 ;
361 1 ;
369 1 ;
383 1 ;
397 0 ; 12
399 1 ; 13
404 1 ;
407 1 ; 14
408 1 ;
410 1 ;
411 1 ;
429 1 ;
430 1 ;
431 0 ; 11
432 0 ; 14
436 1 ; 15
437 1 ;
439 1 ; 16
441 0 ; 15
444 1 ; 17
446 1 ;
451 1 ;
462 1 ; 18
464 1 ;
471 0 ; 18
479 0 ; 16
482 1 ;
486 1 ;
487 0 ; 17
490 1 ;
491 1 ; 19
496 0 ; 19
506 1 ;
510 1 ;
514 1 ;
517 1 ;
519 1 ;
533 1 ;
539 1 ; 20
541 1 ; 21
542 0 ; 21
549 1 ;
557 1 ;
565 1 ; 22
566 1 ;
568 1 ;
570 1 ;
575 1 ;
580 1 ;
581 1 ;
583 0 ; 22
584 1 ; 23
607 1 ;
608 1 ;
609 1 ;
617 1 ;
618 1 ; 24
620 0 ; 24
622 1 ;
632 1 ;
635 1 ; 25
636 1 ;
641 1 ;
644 1 ; 26
649 1 ; 27
650 1 ;
660 1 ; 28
664 1 ; 29
665 0 ; 29
670 1 ;
671 1 ;
673 0 ; 13
674 0 ; 20
675 1 ; 30
676 1 ;
679 1 ;
683 1 ;
684 0 ; 28
686 1 ;
691 1 ;
696 0 ;
697 1 ;
698 1 ;
699 1 ;
700 1 ;
707 1 ; 31
708 0 ; 31
710 1 ;
717 0 ; 26
718 1 ;
720 0 ; 23
722 1 ;
723 1 ; 32
729 0 ; 27
730 1 ; 33
731 1 ; 34
732 1 ;
733 1 ; 32 35
734 1 ; 36
739 1 ;
740 0 ; 35
743 1 ;
744 1 ; 37
745 0 ;
746 1 ; 34 38
752 1 ; 39
753 0 ; 39
754 0 ; 33
757 1 ; 40
759 1 ;
763 0 ; 32
765 0 ; 25
767 1 ;
776 0 ; 38
781 1 ;
789 1 ;
792 1 ;
794 0 ; 34
797 1 ;
803 1 ;
806 1 ;
811 1 ; 41
812 0 ; 41
813 0 ; 37
814 0 ; 30
818 1 ;
821 1 ;
823 1 ;
824 1 ;
835 1 ;
840 1 ;
841 1 ; 42
843 1 ; 16 32 35 43
845 0 ; 42
850 1 ; 44
852 0 ; 44
853 1 ; 45
855 1 ;
856 1 ;
857 1 ;
858 0 ; 45
859 1 ;
861 1 ; 46
864 1 ;
865 0 ; 43
868 0 ; 36
869 1 ;
872 1 ;
873 1 ; 47
874 1 ;
875 0 ;
878 0 ; 47
880 1 ;
882 1 ;
883 1 ;
892 1 ; 48
893 1 ; 49
894 0 ; 49
900 1 ;
905 1 ;
911 1 ; 50
913 1 ;
914 1 ;
916 1 ;
917 1 ;
918 1 ;
920 1 ;
922 1 ;
923 1 ;
926 1 ; 51
930 1 ;
933 0 ; 50
941 1 ; 20 52
942 1 ;
948 1 ; 53
950 1 ;
951 0 ; 48
955 0 ; 51
956 0 ; 52
957 1 ;
961 0 ; 53
963 0 ; 46
965 1 ;
976 1 ;
982 1 ;
990 1 ; 54
993 1 ; 55
994 1 ; 56
996 1 ;
998 0 ; 55
999 1 ; 57
1004 1 ; 58
1006 0 ; 57
1010 0 ; 40
1018 1 ;
1019 0 ; 56
1020 1 ;
1025 0 ;
1027 1 ; 59
1028 1 ;
1029 0 ; 59
1038 1 ;
1043 1 ;
1045 1 ; 60
1048 1 ; 61
1049 0 ; 54
1050 1 ;
1052 0 ; 61
1055 1 ;
1058 1 ;
1059 0 ; 60
1061 1 ;
1062 1 ; 62
1063 1 ;
1067 1 ;
1072 1 ;
1074 1 ; 63
1075 1 ; 64
1076 1 ; 65
1077 1 ; 66
1080 1 ; 67
1081 1 ;
1082 0 ; 66
1086 1 ;
1088 0 ; 67
1090 1 ;
1092 1 ; 68
1095 0 ;
1096 0 ; 68
1098 1 ; 20 69
1100 1 ; 70
1101 0 ; 63
1102 1 ;
1105 1 ; 10 22 71
1106 1 ;
1108 1 ; 72
1110 1 ; 73
1111 1 ; 74
1115 1 ;
1117 0 ; 74
1121 0 ; 72
1130 0 ; 62
1132 1 ;
1133 1 ;
1137 1 ; 75
1138 1 ;
1142 1 ; 76
1146 1 ;
1147 1 ; 77
1148 0 ; 77
1149 0 ;
1154 1 ;
1156 1 ; 78
1158 1 ; 79
1160 0 ; 78
1162 1 ; 80
1167 1 ; 81
1169 0 ; 80
1172 0 ; 71
1173 1 ;
1174 1 ;
1176 0 ; 81
1180 1 ; 82
1181 0 ; 82
1185 1 ; 83
1186 0 ; 83
1191 0 ; 73
1194 0 ; 79
1195 1 ;
1199 1 ; 84
1202 0 ;
1204 1 ; 85
1207 0 ; 84
1208 1 ; 86
1212 0 ; 85
1213 1 ; 87
1214 0 ; 87
1215 0 ; 86
1216 1 ; 20 88
1218 1 ;
1223 1 ; 89
1224 1 ; 76 90
1225 1 ; 91
1227 0 ; 91
1229 0 ; 58
1234 1 ; 92
1235 0 ; 65
1236 1 ;
1237 1 ;
1238 1 ;
1243 1 ;
1247 0 ; 90
1248 1 ;
1252 1 ; 93
1253 0 ; 93
1256 1 ; 76 94
1257 1 ;
1259 0 ;
1267 1 ;
1268 0 ; 94
1269 1 ; 95
1271 0 ; 64
1272 1 ; 96
1274 0 ; 96
1276 1 ; 97
1277 0 ; 76
1278 0 ; 68 89
1279 0 ; 75
1280 1 ;
1281 1 ;
1282 1 ;
1285 1 ;
1290 0 ; 97
1297 1 ; 98
1299 1 ; 32 35 99
1301 1 ; 100
1302 0 ; 92
1303 1 ;
1304 1 ; 16 32 35 101
1307 0 ;
1311 1 ; 102
1312 1 ; 103
1315 1 ; 104
1318 0 ; 100
1319 1 ; 105
1320 1 ; 106
1321 0 ; 99
1325 1 ; 107
1326 0 ; 69
1327 0 ; 103
1328 1 ; 20 88 108
1331 0 ; 101
1332 0 ; 107
1335 0 ; 105
1337 1 ; 109
1338 1 ; 110
1339 1 ; 111
1340 0 ; 111
1348 1 ; 112
1351 0 ; 110
1353 0 ; 112
1355 1 ; 20 69 113
1356 0 ; 104
1358 1 ; 114
1360 0 ; 113
1365 1 ; 115
1368 0 ; 114
1372 0 ; 115
1373 1 ; 116
1374 1 ; 117
1375 0 ; 102
1377 0 ; 117
1378 1 ; 118
1379 0 ;
1385 0 ;
1387 1 ; 119
1388 1 ; 70 120
1389 0 ; 109
1395 0 ;
1399 1 ; 70 121
1403 0 ; 106
1404 1 ; 70 121 122
1405 0 ; 122
1409 0 ;
1410 1 ; 123
1413 1 ; 124
1416 1 ; 70 125
1417 0 ; 125
1418 1 ; 126
1419 0 ; 95
1420 0 ; 120
1421 1 ; 127
1423 1 ; 128
1424 1 ; 20 88 108 129
1426 0 ; 128
1429 1 ; 130
1430 0 ; 130
1436 1 ; 131
1439 0 ; 129
1442 0 ; 131
1450 1 ; 132
1451 1 ; 133
1452 0 ; 132
1455 0 ; 133
1456 1 ; 134
1460 0 ; 134
1461 0 ; 123
1464 0 ; 124
1465 1 ; 70 121 135
1471 0 ; 135
1472 1 ; 70 136
1473 0 ; 136
1474 0 ; 98
1475 1 ; 137
1476 0 ; 137
1477 0 ; 108
1479 1 ; 138
1480 0 ; 138
1482 1 ; 139
1483 0 ; 36 121
1485 0 ; 126
1493 1 ;
1494 1 ; 116 140
1496 1 ; 141
1499 0 ; 141
1508 0 ; 88
1510 1 ; 142
1513 1 ; 143
1515 1 ; 144
1518 0 ; 143
1519 1 ; 69 145
1520 0 ; 145
1523 0 ; 144
1524 0 ; 139
1526 1 ; 20 146
1527 1 ; 20 69 147
1531 0 ; 147
1533 1 ; 148
1535 1 ; 70 149
1537 1 ; 150
1539 0 ; 142
1547 1 ; 151
1556 1 ; 152
1558 1 ; 153
1559 1 ; 154
1560 0 ; 154
1561 1 ; 155
1562 1 ; 156
1563 0 ; 156
1565 0 ; 155
1566 0 ; 151
1569 0 ; 140
1570 1 ;
1571 0 ; 153
1572 0 ; 152
1575 0 ; 119
1579 0 ; 127
1580 1 ; 157
1582 1 ;
1585 1 ; 158
1587 0 ; 26 158
1591 0 ; 70
1592 0 ; 157
1593 1 ; 70 159
1595 0 ; 70 159
1598 0 ;
1601 1 ; 160
1604 1 ; 161
1607 1 ; 70 149 162
1608 0 ; 160
1610 1 ; 163
1611 0 ; 150
1612 0 ; 163
1613 0 ; 145 146
1614 1 ; 164
1615 1 ; 70 165
1616 1 ; 10 22 166
1617 0 ; 159 165
1620 1 ; 167
1621 0 ; 164
1622 1 ; 70 168
1623 0 ; 148
1624 1 ; 169
1626 1 ; 70 149 170
1630 1 ; 171
1631 1 ; 70 168 172
1634 0 ; 171
1635 0 ; 162
1637 0 ; 170
1640 0 ; 106 121 149
1641 1 ; 173
1642 0 ; 146 173
1643 1 ; 174
1644 0 ; 174
1647 0 ;
1648 1 ; 175
1649 0 ; 175
1650 1 ; 176
1651 0 ; 118
1652 0 ; 176
1653 0 ; 172
1654 1 ; 169 177
1655 0 ; 116
1656 1 ; 70 168 178
1657 1 ; 10 22 179
1658 0 ; 179
1659 0 ; 177
1660 1 ; 180
1661 1 ; 181
1662 0 ; 181
1667 0 ; 161
1669 1 ; 182
1670 1 ; 183
1671 0 ;
1674 0 ; 178
1676 1 ; 184
1678 0 ; 148 183
1679 1 ; 185
1681 0 ; 182
1683 1 ; 70 186
1684 0 ; 186
1686 1 ; 187
1687 0 ;
1688 0 ; 168
1689 0 ;
1691 1 ; 16 32 35 188
1692 0 ; 185
1693 0 ; 167
1695 1 ; 189
1696 0 ; 189
1698 0 ; 180
1700 1 ; 16 32 35 190
1703 0 ; 190
1705 0 ; 169
1708 1 ; 191
1709 0 ; 187
1710 0 ; 188
1718 0 ;
1719 0 ; 184
1720 0 ; 191
1721 1 ; 70 192
1728 1 ; 193
1729 1 ; 194
1731 0 ; 166
1732 1 ; 194 195
1733 1 ; 196
1734 0 ; 196
1736 1 ; 70 192 197
1739 1 ; 198
1744 1 ; 194 199
1745 1 ; 200
1746 0 ; 166 195
1747 0 ; 200
1748 1 ; 194 199 201
1749 0 ; 201
1754 1 ; 202
1756 0 ; 198
1757 0 ; 193
1760 1 ; 194 203
1763 1 ; 192 194 197 204
1764 1 ; 192 197 205
1765 1 ; 197 206
1766 1 ; 194 203 207
1768 1 ; 194 203 208
1769 1 ; 192 197 205 209
1770 0 ; 208
1771 0 ; 209
1772 0 ; 207
1774 1 ; 194 203 210
1777 0 ; 210
1778 0 ; 193 195 199
1781 0 ; 206
1785 1 ; 192 197 211
1786 0 ; 211
1787 0 ; 205
1790 0 ; 198 202
1791 1 ; 192 194 197 204 212
1794 1 ; 70 194 203 213
1795 0 ; 197
1797 0 ; 212
1799 1 ; 194 214
1800 0 ; 199 204
1802 1 ; 194 215
1803 1 ; 192 194 197 216
1804 0 ; 204 216
1807 0 ; 101 214
1809 0 ; 186 213
1810 0 ; 214 215
1811 1 ; 192 194 197 217
1813 0 ; 216 217
1815 0 ; 101 194
1821 0 ; 101 166 192
1823 1 ; 70 194 203 218
1824 0 ; 213 218
1825 0 ; 186 192 194 203
1826 1 ; 219
1831 0 ; 219
# Row grades for final term
95 0
131 0
142 0
162 0
173 0
217 0
259 0
260 0
274 0
305 0
336 0
345 0
399 0
407 0
436 0
439 0
444 0
462 0
491 0
539 0
541 0
565 0
584 0
618 0
635 0
644 0
649 0
660 0
664 0
675 0
707 0
723 0
730 0
731 0
733 0
734 0
744 0
746 0
752 0
757 0
811 0
841 0
843 0
850 0
853 0
861 0
873 0
892 0
893 0
911 0
926 0
941 0
948 0
990 0
993 0
994 0
999 0
1004 0
1027 0
1045 0
1048 0
1062 0
1074 0
1075 0
1076 0
1077 0
1080 0
1092 0
1098 0
1100 0
1105 0
1108 0
1110 0
1111 0
1137 0
1142 0
1147 0
1156 0
1158 0
1162 0
1167 0
1180 0
1185 0
1199 0
1204 0
1208 0
1213 0
1216 0
1223 0
1224 0
1225 0
1234 0
1252 0
1256 0
1269 0
1272 0
1276 0
1297 0
1299 0
1301 0
1304 0
1311 0
1312 0
1315 0
1319 0
1320 0
1325 0
1328 0
1337 0
1338 0
1339 0
1348 0
1355 0
1358 0
1365 0
1373 0
1374 0
1378 0
1387 0
1388 0
1399 0
1404 0
1410 0
1413 0
1416 0
1418 0
1421 0
1423 0
1424 0
1429 0
1436 0
1450 0
1451 0
1456 0
1465 0
1472 0
1475 0
1479 0
1482 0
1494 0
1496 0
1510 0
1513 0
1515 0
1519 0
1526 0
1527 0
1533 0
1535 0
1537 0
1547 0
1556 0
1558 0
1559 0
1561 0
1562 0
1580 0
1585 0
1593 0
1601 0
1604 0
1607 0
1610 0
1614 0
1615 0
1616 0
1620 0
1622 0
1624 0
1626 0
1630 0
1631 0
1641 0
1643 0
1648 0
1650 0
1654 0
1656 0
1657 0
1660 0
1661 0
1669 0
1670 0
1676 0
1679 0
1683 0
1686 0
1691 0
1695 0
1700 0
1708 0
1721 0
1728 0
1729 0
1732 0
1733 0
1736 0
1739 0
1744 0
1745 0
1748 0
1754 0
1760 0
1763 0
1764 0
1765 0
1766 0
1768 0
1769 0
1774 0
1785 0
1791 0
1794 0
1799 0
1802 0
1803 0
1811 0
1823 0
1826 0
