scc2020
2
1732 977 200
--field GF(2)
# finite_grid_coned_chain_complex
# original_grid_upper: 642 199
# coned_grid_upper: 643 200
# matrix block 1
643 1 ; 1 2 3
643 2 ; 3 4 5
30 3 ; 2 6 7
35 3 ; 4 7 8
643 3 ; 1 6 9
643 3 ; 3 7 9
643 3 ; 5 8 9
50 4 ; 2 10 11
643 4 ; 1 10 12
643 4 ; 3 11 12
51 5 ; 10 13 14
57 5 ; 6 14 15
643 5 ; 12 13 16
643 5 ; 1 14 16
643 5 ; 9 15 16
159 6 ; 4 17 18
296 6 ; 11 18 19
643 6 ; 12 19 20
643 6 ; 3 18 20
643 6 ; 5 17 20
643 8 ; 21 22 23
46 9 ; 22 24 25
643 9 ; 23 25 26
643 9 ; 21 24 26
153 10 ; 22 27 28
643 10 ; 23 28 29
643 10 ; 21 27 29
116 12 ; 27 31 32
298 12 ; 24 32 33
643 12 ; 21 32 34
643 12 ; 29 31 34
643 12 ; 26 33 34
643 14 ; 30 36 37
643 15 ; 30 38 39
643 16 ; 35 40 41
109 17 ; 40 42 43
643 17 ; 41 43 44
643 17 ; 35 42 44
70 18 ; 36 45 46
93 18 ; 38 46 47
643 18 ; 37 45 48
643 18 ; 39 47 48
643 18 ; 30 46 48
49 19 ; 36 49 50
139 19 ; 38 49 51
643 19 ; 37 50 52
643 19 ; 39 51 52
643 19 ; 30 49 52
210 20 ; 17 53 54
233 20 ; 8 54 55
573 20 ; 15 55 56
643 20 ; 16 56 57
643 20 ; 9 55 57
643 20 ; 20 53 57
643 20 ; 5 54 57
212 21 ; 25 58 59
416 21 ; 28 58 60
643 21 ; 23 58 61
643 21 ; 29 60 61
643 21 ; 26 59 61
150 22 ; 40 62 63
321 22 ; 42 62 64
643 22 ; 41 63 65
643 22 ; 44 64 65
643 22 ; 35 62 65
643 23 ; 44 66 67
78 24 ; 31 68 69
442 24 ; 60 69 70
643 24 ; 34 68 71
643 24 ; 61 70 71
643 24 ; 29 69 71
54 25 ; 66 72 73
229 25 ; 43 73 74
643 25 ; 67 72 75
643 25 ; 41 74 75
643 25 ; 44 73 75
214 26 ; 47 76 77
643 26 ; 39 77 78
643 26 ; 48 76 78
639 27 ; 56 79 80
643 27 ; 16 80 81
643 27 ; 57 79 81
643 30 ; 82 84 85
245 32 ; 63 87 88
643 32 ; 41 88 89
643 32 ; 65 87 89
643 33 ; 86 90 91
329 34 ; 84 92 93
643 34 ; 82 92 94
643 34 ; 85 93 94
390 35 ; 51 95 96
643 35 ; 52 95 97
643 35 ; 39 96 97
181 36 ; 87 98 99
643 36 ; 89 98 100
643 36 ; 65 99 100
226 37 ; 13 101 102
643 37 ; 16 102 103
643 37 ; 12 101 103
182 38 ; 79 104 105
299 38 ; 53 105 106
643 38 ; 20 106 107
643 38 ; 81 104 107
643 38 ; 57 105 107
75 40 ; 90 109 110
643 40 ; 86 110 111
643 40 ; 91 109 111
169 41 ; 84 112 113
643 41 ; 82 112 114
643 41 ; 85 113 114
189 43 ; 99 116 117
643 43 ; 100 116 118
643 43 ; 65 117 118
199 44 ; 113 119 120
643 44 ; 85 120 121
643 44 ; 114 119 121
396 45 ; 77 122 123
643 45 ; 39 123 124
643 45 ; 78 122 124
254 46 ; 101 125 126
369 46 ; 19 126 127
643 46 ; 12 126 128
643 46 ; 103 125 128
643 46 ; 20 127 128
643 47 ; 83 129 130
157 48 ; 90 131 132
598 48 ; 109 131 133
643 48 ; 86 132 134
643 48 ; 91 131 134
643 48 ; 111 133 134
125 49 ; 119 135 136
643 49 ; 121 135 137
643 49 ; 114 136 137
514 50 ; 66 139 140
515 50 ; 64 140 141
643 50 ; 67 139 142
643 50 ; 44 140 142
643 50 ; 115 138 142
643 50 ; 65 141 142
643 51 ; 94 143 144
224 52 ; 76 145 146
228 52 ; 122 145 147
643 52 ; 124 147 148
643 52 ; 78 145 148
643 52 ; 48 146 148
643 53 ; 108 149 150
248 54 ; 59 151 152
643 54 ; 61 151 153
643 54 ; 26 152 153
135 55 ; 149 154 155
643 55 ; 150 154 156
643 55 ; 108 155 156
220 56 ; 155 157 158
643 56 ; 156 158 159
643 56 ; 108 157 159
256 57 ; 95 160 161
379 57 ; 50 161 162
643 57 ; 52 161 163
643 57 ; 37 162 163
643 57 ; 97 160 163
203 58 ; 129 164 165
560 58 ; 127 166 167
643 58 ; 128 167 169
643 58 ; 142 168 169
643 58 ; 83 165 169
643 58 ; 130 164 169
643 58 ; 20 166 169
154 60 ; 72 171 172
412 60 ; 138 173 174
455 60 ; 139 172 174
643 60 ; 67 172 175
643 60 ; 142 174 175
643 60 ; 115 173 175
643 60 ; 75 171 175
269 61 ; 165 176 177
556 61 ; 166 177 178
643 61 ; 83 176 179
643 61 ; 169 177 179
643 61 ; 20 178 179
643 63 ; 170 181 182
253 64 ; 152 183 184
643 64 ; 153 183 185
643 64 ; 26 184 185
105 65 ; 149 186 187
202 65 ; 154 186 188
643 65 ; 150 186 189
643 65 ; 156 188 189
643 65 ; 108 187 189
252 66 ; 181 190 191
643 66 ; 182 191 192
643 66 ; 170 190 192
643 67 ; 180 193 194
122 68 ; 138 195 196
488 68 ; 70 197 198
643 68 ; 142 195 199
643 68 ; 115 196 199
643 68 ; 61 197 199
643 68 ; 71 198 199
333 69 ; 68 200 201
512 69 ; 33 201 202
643 69 ; 34 201 203
643 69 ; 71 200 203
643 69 ; 26 202 203
192 71 ; 110 205 206
643 71 ; 86 205 207
643 71 ; 111 206 207
304 72 ; 176 208 209
643 72 ; 179 209 211
643 72 ; 83 208 211
643 72 ; 81 210 211
424 73 ; 104 212 214
508 73 ; 106 212 215
529 73 ; 178 213 215
643 73 ; 179 213 216
643 73 ; 107 212 216
643 73 ; 20 215 216
643 73 ; 81 214 216
91 74 ; 195 217 218
569 74 ; 168 217 219
643 74 ; 142 217 220
643 74 ; 199 218 220
643 74 ; 169 219 220
165 75 ; 164 221 222
643 75 ; 169 221 223
643 75 ; 130 222 223
151 76 ; 160 224 225
643 76 ; 163 224 226
643 76 ; 97 225 226
80 77 ; 218 227 228
643 77 ; 220 227 229
643 77 ; 199 228 229
270 79 ; 187 231 232
564 79 ; 167 233 234
643 79 ; 128 233 235
643 79 ; 169 234 235
643 79 ; 189 232 235
643 79 ; 108 231 235
370 80 ; 173 236 237
397 80 ; 196 236 238
450 80 ; 197 238 239
454 80 ; 151 239 240
643 80 ; 175 237 241
643 80 ; 199 238 241
643 80 ; 115 236 241
643 80 ; 61 239 241
643 80 ; 153 240 241
643 81 ; 204 242 243
643 82 ; 182 244 245
247 83 ; 213 246 247
310 83 ; 209 247 248
436 83 ; 214 246 249
596 83 ; 210 248 249
643 83 ; 179 247 250
643 83 ; 211 248 250
643 83 ; 81 249 250
643 83 ; 216 246 250
643 84 ; 192 251 252
393 85 ; 224 254 255
643 85 ; 163 255 256
643 85 ; 252 253 256
643 85 ; 226 254 256
281 86 ; 193 257 258
643 86 ; 180 258 259
643 86 ; 194 257 259
643 87 ; 180 261 262
643 87 ; 203 260 262
276 88 ; 129 263 265
278 88 ; 208 264 265
337 88 ; 222 263 266
643 88 ; 223 266 267
643 88 ; 211 264 267
643 88 ; 83 265 267
643 88 ; 130 263 267
238 89 ; 181 268 269
643 89 ; 182 268 270
643 89 ; 170 269 270
118 91 ; 143 272 273
432 91 ; 92 273 274
494 91 ; 112 274 275
643 91 ; 144 272 276
643 91 ; 82 274 276
643 91 ; 94 273 276
643 91 ; 114 275 276
643 92 ; 271 277 278
17 93 ; 253 279 280
417 93 ; 255 279 281
426 93 ; 251 280 282
447 93 ; 190 282 283
589 93 ; 162 281 284
607 93 ; 45 284 285
609 93 ; 146 285 286
643 93 ; 37 284 287
643 93 ; 148 286 287
643 93 ; 163 281 287
643 93 ; 170 283 287
643 93 ; 192 282 287
643 93 ; 252 280 287
643 93 ; 48 285 287
643 93 ; 256 279 287
643 94 ; 230 288 289
357 95 ; 258 290 291
643 95 ; 259 290 292
643 95 ; 180 291 292
643 96 ; 271 293 295
643 96 ; 156 294 295
204 97 ; 269 296 297
549 97 ; 283 297 298
643 97 ; 270 296 299
643 97 ; 170 297 299
643 97 ; 287 298 299
236 98 ; 253 300 301
364 98 ; 254 300 302
408 98 ; 251 301 303
592 98 ; 225 302 304
643 98 ; 97 304 305
643 98 ; 192 303 305
643 98 ; 252 301 305
643 98 ; 226 302 305
643 98 ; 256 300 305
283 99 ; 205 306 307
643 99 ; 86 307 308
643 99 ; 207 306 308
208 100 ; 242 309 310
643 100 ; 243 309 311
643 100 ; 204 310 311
465 101 ; 157 312 314
481 101 ; 231 314 315
541 101 ; 233 313 315
643 101 ; 128 313 316
643 101 ; 235 315 316
643 101 ; 108 314 316
643 101 ; 159 312 316
195 102 ; 288 317 318
643 102 ; 289 317 319
643 102 ; 230 318 319
643 103 ; 278 320 321
286 104 ; 193 323 324
289 104 ; 261 322 324
349 104 ; 260 322 325
429 104 ; 200 325 326
643 104 ; 262 322 327
643 104 ; 180 324 327
643 104 ; 203 325 327
643 104 ; 194 323 327
643 104 ; 71 326 327
267 105 ; 244 329 330
282 105 ; 191 328 330
407 105 ; 303 328 331
593 105 ; 304 331 332
643 105 ; 182 330 333
643 105 ; 245 329 333
643 105 ; 97 332 333
643 105 ; 192 328 333
643 105 ; 305 331 333
260 106 ; 312 334 335
308 106 ; 313 334 336
325 106 ; 125 336 337
516 106 ; 158 335 338
643 106 ; 103 337 339
643 106 ; 128 336 339
643 106 ; 156 338 339
643 106 ; 159 335 339
643 106 ; 316 334 339
643 107 ; 295 340 341
553 109 ; 123 343 344
562 109 ; 96 344 345
600 109 ; 332 345 346
643 109 ; 124 343 347
643 109 ; 39 344 347
643 109 ; 333 346 347
643 109 ; 97 345 347
280 110 ; 340 348 349
643 110 ; 276 350 351
643 110 ; 295 349 351
643 110 ; 341 348 351
406 111 ; 135 352 353
476 111 ; 136 352 354
643 111 ; 121 353 356
643 111 ; 185 355 356
643 111 ; 137 352 356
643 111 ; 114 354 356
643 112 ; 289 357 358
475 113 ; 117 359 360
559 113 ; 141 360 362
565 113 ; 234 361 363
570 113 ; 168 362 363
643 113 ; 142 362 364
643 113 ; 235 361 364
643 113 ; 169 363 364
643 113 ; 118 359 364
643 113 ; 65 360 364
478 114 ; 361 365 366
643 114 ; 364 365 367
643 114 ; 235 366 367
366 115 ; 307 368 369
643 115 ; 86 369 370
643 115 ; 308 368 370
53 116 ; 348 371 372
567 116 ; 340 371 373
631 116 ; 188 374 375
634 116 ; 294 373 375
643 116 ; 351 372 376
643 116 ; 295 373 376
643 116 ; 156 375 376
643 116 ; 341 371 376
643 116 ; 189 374 376
643 117 ; 342 377 378
234 118 ; 357 379 380
261 118 ; 288 380 381
643 118 ; 289 380 382
643 118 ; 358 379 382
643 118 ; 230 381 382
643 119 ; 342 383 384
186 120 ; 365 385 386
368 120 ; 359 385 387
374 120 ; 116 387 388
445 120 ; 366 386 389
469 120 ; 232 389 390
504 120 ; 98 388 391
643 120 ; 100 388 392
643 120 ; 364 385 392
643 120 ; 89 391 392
643 120 ; 235 389 392
643 120 ; 367 386 392
643 120 ; 189 390 392
643 120 ; 118 387 392
395 121 ; 132 393 395
401 121 ; 369 394 395
643 121 ; 86 395 396
643 121 ; 134 393 396
643 121 ; 370 394 396
347 122 ; 320 397 398
643 122 ; 278 398 399
643 122 ; 321 397 399
114 123 ; 377 400 401
319 123 ; 383 401 402
643 123 ; 384 402 403
643 123 ; 342 401 403
643 123 ; 378 400 403
358 124 ; 120 404 405
388 124 ; 93 404 406
399 124 ; 143 406 407
583 124 ; 391 408 409
643 124 ; 144 407 410
643 124 ; 121 405 410
643 124 ; 94 406 410
643 124 ; 85 404 410
643 124 ; 89 408 410
643 124 ; 392 409 410
191 125 ; 272 411 412
411 125 ; 372 413 414
430 125 ; 350 411 413
441 125 ; 407 412 415
618 125 ; 409 415 416
620 125 ; 390 416 417
629 125 ; 374 414 417
643 125 ; 144 412 418
643 125 ; 351 413 418
643 125 ; 276 411 418
643 125 ; 410 415 418
643 125 ; 376 414 418
643 125 ; 189 417 418
643 125 ; 392 416 418
346 127 ; 349 420 422
356 127 ; 293 420 421
400 127 ; 277 421 423
435 127 ; 320 423 424
493 127 ; 350 422 425
575 127 ; 397 424 426
579 127 ; 275 425 427
643 127 ; 271 421 428
643 127 ; 351 422 428
643 127 ; 276 425 428
643 127 ; 295 420 428
643 127 ; 399 426 428
643 127 ; 278 423 428
643 127 ; 114 427 428
643 127 ; 321 424 428
643 128 ; 311 429 430
643 130 ; 384 432 433
487 131 ; 318 434 436
643 131 ; 230 434 437
643 131 ; 431 435 437
643 131 ; 319 436 437
340 132 ; 381 438 439
365 132 ; 434 439 440
643 132 ; 437 440 441
643 132 ; 230 439 441
643 132 ; 382 438 441
643 133 ; 419 442 443
387 134 ; 442 444 445
643 134 ; 443 444 446
643 134 ; 419 445 446
643 135 ; 431 447 448
360 136 ; 261 449 450
380 136 ; 291 449 451
437 136 ; 260 450 452
572 136 ; 202 452 453
595 136 ; 184 453 454
601 136 ; 355 454 455
615 136 ; 354 455 457
619 136 ; 427 457 458
643 136 ; 185 454 459
643 136 ; 262 450 459
643 136 ; 180 449 459
643 136 ; 292 451 459
643 136 ; 333 456 459
643 136 ; 203 452 459
643 136 ; 356 455 459
643 136 ; 428 458 459
643 136 ; 114 457 459
643 136 ; 26 453 459
425 137 ; 400 461 462
643 137 ; 403 462 463
643 137 ; 448 460 463
643 137 ; 378 461 463
277 138 ; 309 464 465
297 138 ; 429 465 466
641 138 ; 294 467 468
643 138 ; 243 464 469
643 138 ; 311 465 469
643 138 ; 295 467 469
643 138 ; 156 468 469
643 138 ; 430 466 469
341 139 ; 257 470 471
353 139 ; 290 470 472
485 139 ; 323 471 473
643 139 ; 327 473 474
643 139 ; 259 470 474
643 139 ; 292 472 474
643 139 ; 194 471 474
295 140 ; 447 475 476
352 140 ; 435 475 478
367 140 ; 440 477 478
643 140 ; 441 477 479
643 140 ; 437 478 479
643 140 ; 448 476 479
643 140 ; 431 475 479
643 142 ; 480 482 483
643 142 ; 433 481 483
386 143 ; 343 484 485
413 143 ; 147 485 486
643 143 ; 124 485 487
643 143 ; 148 486 487
643 143 ; 347 484 487
643 144 ; 480 488 489
317 145 ; 310 490 491
457 145 ; 429 491 492
580 145 ; 426 493 494
622 145 ; 458 494 495
643 145 ; 311 491 496
643 145 ; 399 493 496
643 145 ; 204 490 496
643 145 ; 430 492 496
643 145 ; 459 495 496
643 145 ; 428 494 496
371 146 ; 242 497 498
375 146 ; 464 498 499
420 146 ; 490 497 500
643 146 ; 243 498 501
643 146 ; 469 499 501
643 146 ; 496 500 501
643 146 ; 204 497 501
492 147 ; 442 502 503
643 147 ; 443 503 505
643 147 ; 419 502 505
643 147 ; 299 504 505
383 148 ; 502 506 507
643 148 ; 505 506 509
643 148 ; 419 507 509
643 148 ; 169 508 509
591 149 ; 355 510 511
643 149 ; 185 511 512
643 149 ; 356 510 512
265 150 ; 482 513 514
314 150 ; 481 514 515
384 150 ; 488 513 516
500 150 ; 432 515 517
643 150 ; 384 517 518
643 150 ; 480 513 518
643 150 ; 433 515 518
643 150 ; 483 514 518
643 150 ; 489 516 518
362 151 ; 393 519 520
643 151 ; 134 520 521
643 151 ; 396 519 521
225 152 ; 510 522 523
414 152 ; 353 523 524
459 152 ; 405 524 525
523 152 ; 171 526 527
525 152 ; 74 527 528
542 152 ; 88 528 529
546 152 ; 408 525 529
643 152 ; 512 522 530
643 152 ; 121 524 530
643 152 ; 41 528 530
643 152 ; 175 526 530
643 152 ; 410 525 530
643 152 ; 89 529 530
643 152 ; 356 523 530
643 152 ; 75 527 530
434 153 ; 266 531 533
521 153 ; 221 531 534
540 153 ; 445 532 535
552 153 ; 507 535 536
557 153 ; 508 534 536
643 153 ; 419 535 537
643 153 ; 223 531 537
643 153 ; 169 534 537
643 153 ; 509 536 537
643 153 ; 446 532 537
643 153 ; 267 533 537
452 154 ; 472 538 539
474 154 ; 451 538 540
643 154 ; 292 538 541
643 154 ; 459 540 541
643 154 ; 474 539 541
132 155 ; 444 542 543
385 155 ; 532 542 544
545 155 ; 503 543 545
566 155 ; 533 544 546
635 155 ; 504 545 547
637 155 ; 298 547 548
643 155 ; 443 543 549
643 155 ; 537 544 549
643 155 ; 505 545 549
643 155 ; 299 547 549
643 155 ; 446 542 549
643 155 ; 267 546 549
643 155 ; 287 548 549
405 156 ; 488 550 551
643 156 ; 480 551 552
643 156 ; 489 550 552
464 157 ; 539 553 554
643 157 ; 541 553 555
643 157 ; 474 554 555
643 158 ; 509 556 557
479 159 ; 398 558 559
547 159 ; 493 558 560
550 159 ; 277 559 561
603 159 ; 293 561 562
643 159 ; 271 561 563
643 159 ; 295 562 563
643 159 ; 399 558 563
643 159 ; 496 560 563
643 159 ; 278 559 563
327 160 ; 460 564 565
334 160 ; 447 565 566
422 160 ; 461 564 567
443 160 ; 435 566 568
513 160 ; 377 567 569
526 160 ; 383 569 570
528 160 ; 432 570 571
532 160 ; 481 571 572
606 160 ; 436 568 573
610 160 ; 482 572 574
613 160 ; 551 574 575
643 160 ; 384 570 578
643 160 ; 342 569 578
643 160 ; 463 564 578
643 160 ; 437 568 578
643 160 ; 448 565 578
643 160 ; 552 575 578
643 160 ; 370 576 578
643 160 ; 480 574 578
643 160 ; 459 577 578
643 160 ; 433 571 578
643 160 ; 378 567 578
643 160 ; 483 572 578
643 160 ; 431 566 578
643 160 ; 319 573 578
453 161 ; 357 579 580
473 161 ; 317 580 581
511 161 ; 379 579 582
643 161 ; 289 580 583
643 161 ; 358 579 583
643 161 ; 382 582 583
643 161 ; 319 581 583
231 162 ; 556 584 585
354 162 ; 506 584 586
611 162 ; 504 586 588
643 162 ; 505 586 589
643 162 ; 557 585 589
643 162 ; 299 588 589
643 162 ; 509 584 589
643 162 ; 474 587 589
468 164 ; 206 592 593
626 164 ; 133 593 594
643 164 ; 134 594 595
643 164 ; 207 592 595
643 164 ; 111 593 595
643 164 ; 590 591 595
428 165 ; 516 596 597
643 165 ; 469 598 599
643 165 ; 518 597 599
643 165 ; 489 596 599
389 166 ; 519 600 601
402 166 ; 394 600 602
643 166 ; 370 602 603
643 166 ; 521 601 603
643 166 ; 396 600 603
309 167 ; 591 604 605
467 167 ; 592 605 606
496 167 ; 306 606 607
643 167 ; 308 607 608
643 167 ; 207 606 608
643 167 ; 595 605 608
643 167 ; 590 604 608
643 168 ; 583 609 610
221 169 ; 484 611 612
605 169 ; 346 612 613
621 169 ; 456 613 614
643 169 ; 333 613 615
643 169 ; 487 611 615
643 169 ; 347 612 615
643 169 ; 459 614 615
166 170 ; 609 616 617
482 170 ; 581 617 618
577 170 ; 607 619 620
584 170 ; 368 620 621
612 170 ; 573 618 622
616 170 ; 576 621 622
643 170 ; 308 620 623
643 170 ; 610 616 623
643 170 ; 583 617 623
643 170 ; 608 619 623
643 170 ; 370 621 623
643 170 ; 578 622 623
643 170 ; 319 618 623
342 171 ; 616 624 625
480 171 ; 609 624 627
530 171 ; 619 625 626
643 171 ; 610 624 628
643 171 ; 583 627 628
643 171 ; 608 626 628
643 171 ; 623 625 628
415 172 ; 244 629 630
438 172 ; 268 630 631
536 172 ; 553 632 633
551 172 ; 329 629 634
561 172 ; 540 633 635
608 172 ; 456 634 635
643 172 ; 555 632 636
643 172 ; 182 630 636
643 172 ; 245 629 636
643 172 ; 270 631 636
643 172 ; 333 634 636
643 172 ; 541 633 636
643 172 ; 459 635 636
131 173 ; 604 637 638
213 173 ; 591 637 639
462 173 ; 626 638 640
643 173 ; 608 638 641
643 173 ; 595 639 641
643 173 ; 628 640 641
643 173 ; 590 637 641
490 174 ; 492 643 644
543 174 ; 560 642 644
544 174 ; 466 643 645
632 174 ; 562 642 646
638 174 ; 467 645 646
643 174 ; 469 645 647
643 174 ; 295 646 647
643 174 ; 496 644 647
643 174 ; 430 643 647
643 174 ; 563 642 647
471 175 ; 556 648 649
563 175 ; 508 649 651
568 175 ; 219 650 651
643 175 ; 557 648 652
643 175 ; 220 650 652
643 175 ; 169 651 652
643 175 ; 509 649 652
316 176 ; 522 653 654
440 176 ; 183 655 656
484 176 ; 240 656 657
498 176 ; 237 657 658
507 176 ; 526 654 658
558 176 ; 511 653 655
643 176 ; 512 653 659
643 176 ; 530 654 659
643 176 ; 185 655 659
643 176 ; 241 657 659
643 176 ; 175 658 659
643 176 ; 153 656 659
350 177 ; 648 660 661
533 177 ; 585 661 663
534 177 ; 587 662 663
643 177 ; 557 661 664
643 177 ; 652 660 664
643 177 ; 589 663 664
643 177 ; 474 662 664
643 178 ; 501 665 666
382 179 ; 665 667 668
421 179 ; 500 668 669
614 179 ; 575 670 671
623 179 ; 495 669 672
627 179 ; 577 671 672
643 179 ; 666 667 673
643 179 ; 496 669 673
643 179 ; 501 668 673
643 179 ; 552 670 673
643 179 ; 459 672 673
643 179 ; 578 671 673
458 180 ; 632 674 675
460 180 ; 631 674 676
531 180 ; 296 676 677
535 180 ; 554 675 678
586 180 ; 587 678 679
594 180 ; 588 677 679
643 180 ; 555 675 680
643 180 ; 299 677 680
643 180 ; 270 676 680
643 180 ; 589 679 680
643 180 ; 636 674 680
643 180 ; 474 678 680
338 182 ; 550 682 684
345 182 ; 596 683 684
581 182 ; 670 682 685
643 182 ; 599 683 686
643 182 ; 552 682 686
643 182 ; 673 685 686
643 182 ; 489 684 686
597 183 ; 486 688 689
643 183 ; 148 689 690
643 183 ; 487 688 690
643 183 ; 681 687 690
456 184 ; 640 691 692
491 184 ; 627 691 693
582 184 ; 582 693 694
585 184 ; 639 692 695
630 184 ; 438 694 696
643 184 ; 441 696 697
643 184 ; 583 693 697
643 184 ; 641 692 697
643 184 ; 595 695 697
643 184 ; 382 694 697
643 184 ; 628 691 697
643 185 ; 681 698 699
410 186 ; 698 700 701
477 186 ; 687 700 702
636 186 ; 689 702 703
643 186 ; 148 703 704
643 186 ; 699 701 704
643 186 ; 690 702 704
643 186 ; 681 700 704
431 187 ; 687 705 706
576 187 ; 688 705 707
643 187 ; 487 707 708
643 187 ; 690 705 708
643 187 ; 681 706 708
290 188 ; 660 709 710
466 188 ; 227 711 712
495 188 ; 228 711 714
503 188 ; 326 713 715
505 188 ; 198 714 715
509 188 ; 473 713 716
519 188 ; 662 709 716
520 188 ; 650 710 712
643 188 ; 327 713 717
643 188 ; 220 712 717
643 188 ; 652 710 717
643 188 ; 664 709 717
643 188 ; 199 714 717
643 188 ; 71 715 717
643 188 ; 229 711 717
643 188 ; 474 716 717
510 189 ; 698 718 719
527 189 ; 706 719 720
643 189 ; 699 718 721
643 189 ; 681 719 721
643 189 ; 708 720 721
448 190 ; 402 722 723
451 190 ; 462 722 724
517 190 ; 460 724 725
518 190 ; 517 723 726
537 190 ; 476 725 727
590 190 ; 597 726 728
599 190 ; 477 727 729
643 190 ; 384 723 730
643 190 ; 441 729 730
643 190 ; 518 726 730
643 190 ; 463 724 730
643 190 ; 599 728 730
643 190 ; 403 722 730
643 190 ; 448 725 730
643 190 ; 479 727 730
538 191 ; 611 732 733
539 191 ; 720 731 734
571 191 ; 707 731 733
643 191 ; 487 733 735
643 191 ; 721 734 735
643 191 ; 615 732 735
643 191 ; 708 731 735
574 192 ; 602 736 737
643 192 ; 603 736 738
643 192 ; 370 737 738
643 193 ; 738 739 740
61 194 ; 739 741 742
643 194 ; 738 742 743
643 194 ; 740 741 743
83 195 ; 739 744 745
489 195 ; 736 744 746
522 195 ; 601 746 747
643 195 ; 738 744 748
643 195 ; 603 746 748
643 195 ; 521 747 748
643 195 ; 740 745 748
439 196 ; 683 749 750
497 196 ; 667 751 752
524 196 ; 685 749 752
548 196 ; 665 751 753
640 196 ; 499 753 754
642 196 ; 598 750 754
643 196 ; 469 754 755
643 196 ; 666 751 755
643 196 ; 599 750 755
643 196 ; 501 753 755
643 196 ; 686 749 755
643 196 ; 673 752 755
506 197 ; 718 756 757
643 197 ; 699 757 758
643 197 ; 721 756 758
554 198 ; 741 760 761
555 198 ; 745 761 762
588 198 ; 757 759 763
617 198 ; 701 763 764
633 198 ; 747 762 765
643 198 ; 704 764 766
643 198 ; 748 762 766
643 198 ; 699 763 766
643 198 ; 521 765 766
643 198 ; 740 761 766
643 198 ; 743 760 766
643 198 ; 758 759 766
344 199 ; 759 767 768
419 199 ; 756 767 769
502 199 ; 760 768 770
578 199 ; 734 769 771
587 199 ; 742 770 772
602 199 ; 732 771 773
604 199 ; 737 772 774
624 199 ; 614 773 775
625 199 ; 576 774 776
628 199 ; 577 775 776
643 199 ; 738 772 777
643 199 ; 735 771 777
643 199 ; 766 768 777
643 199 ; 370 774 777
643 199 ; 721 769 777
643 199 ; 459 775 777
643 199 ; 615 773 777
643 199 ; 743 770 777
643 199 ; 758 767 777
643 199 ; 578 776 777
1 200 ; 253 904 976
2 200 ; 154 788 847
3 200 ; 444 790 914
4 200 ; 227 822 935
5 200 ; 2 919 920
6 200 ; 31 876 930
7 200 ; 553 798 905
8 200 ; 365 797 897
9 200 ; 296 856 862
10 200 ; 317 843 975
11 200 ; 6 919 926
12 200 ; 109 814 838
13 200 ; 183 820 945
14 200 ; 279 968 976
15 200 ; 72 778 970
16 200 ; 280 904 968
18 200 ; 40 810 952
19 200 ; 741 925 943
20 200 ; 371 850 900
21 200 ; 135 809 872
22 200 ; 4 920 972
23 200 ; 36 786 844
24 200 ; 739 781 925
25 200 ; 143 783 867
26 200 ; 13 784 785
27 200 ; 24 877 969
28 200 ; 79 958 967
29 200 ; 228 885 935
30 200 ; 7 920 926
31 200 ; 22 833 877
32 200 ; 660 869 881
33 200 ; 66 778 870
34 200 ; 116 796 936
35 200 ; 8 926 972
36 200 ; 397 823 971
37 200 ; 17 939 972
38 200 ; 49 780 844
39 200 ; 604 879 946
40 200 ; 186 788 916
41 200 ; 10 785 919
42 200 ; 38 818 844
43 200 ; 193 840 911
44 200 ; 372 801 900
45 200 ; 25 833 969
47 200 ; 14 784 919
48 200 ; 50 780 786
50 200 ; 11 785 920
52 200 ; 98 796 874
53 200 ; 348 801 850
54 200 ; 73 870 970
55 200 ; 68 876 929
56 200 ; 244 828 839
57 200 ; 15 784 926
58 200 ; 368 802 898
59 200 ; 744 781 857
60 200 ; 242 792 875
61 200 ; 742 781 943
62 200 ; 277 791 927
63 200 ; 322 821 827
64 200 ; 42 870 952
65 200 ; 131 782 814
66 200 ; 217 822 832
67 200 ; 45 786 949
68 200 ; 110 779 838
69 200 ; 46 844 949
71 200 ; 616 811 964
72 200 ; 637 854 946
73 200 ; 731 830 942
74 200 ; 122 804 861
75 200 ; 90 779 814
76 200 ; 58 833 912
77 200 ; 383 789 842
78 200 ; 69 929 930
79 200 ; 334 882 960
80 200 ; 218 822 885
81 200 ; 27 877 930
82 200 ; 542 914 963
83 200 ; 745 857 925
84 200 ; 400 852 940
85 200 ; 447 860 966
86 200 ; 357 843 878
87 200 ; 195 832 885
88 200 ; 320 927 971
89 200 ; 272 783 816
90 200 ; 47 818 949
92 200 ; 205 779 831
94 200 ; 263 933 948
95 200 ; 550 895 977
96 200 ; 484 888 891
97 200 ; 138 832 906
98 200 ; 429 812 910
99 200 ; 149 788 924
100 200 ; 190 863 901
101 200 ; 401 842 852
102 200 ; 160 858 873
103 200 ; 187 916 924
104 200 ; 377 842 940
106 200 ; 104 896 958
107 200 ; 221 859 894
108 200 ; 481 934 965
109 200 ; 43 810 870
110 200 ; 611 888 937
111 200 ; 236 837 906
112 200 ; 591 883 946
113 200 ; 84 813 868
115 200 ; 145 808 861
116 200 ; 32 876 877
117 200 ; 482 913 965
118 200 ; 273 816 867
119 200 ; 196 885 906
120 200 ; 510 807 931
121 200 ; 119 809 959
123 200 ; 112 813 959
124 200 ; 136 872 959
126 200 ; 464 792 793
127 200 ; 470 835 953
128 200 ; 125 799 825
129 200 ; 687 902 923
130 200 ; 171 855 970
131 200 ; 638 854 879
132 200 ; 543 790 963
133 200 ; 222 859 933
134 200 ; 224 858 957
135 200 ; 155 847 924
136 200 ; 62 952 954
137 200 ; 208 864 889
138 200 ; 246 826 961
139 200 ; 51 780 818
140 200 ; 502 800 853
141 200 ; 309 792 812
142 200 ; 522 807 817
143 200 ; 609 811 824
144 200 ; 379 878 886
145 200 ; 225 873 957
146 200 ; 290 835 849
147 200 ; 759 841 950
148 200 ; 212 896 961
149 200 ; 129 889 933
150 200 ; 63 810 954
152 200 ; 340 819 850
153 200 ; 28 833 930
154 200 ; 172 778 855
155 200 ; 157 924 951
156 200 ; 164 894 933
157 200 ; 132 779 782
158 200 ; 385 797 962
159 200 ; 18 920 939
160 200 ; 519 908 944
161 200 ; 247 805 826
162 200 ; 318 880 975
163 200 ; 617 824 964
164 200 ; 165 889 894
167 200 ; 113 868 959
168 200 ; 200 909 929
170 200 ; 87 874 954
171 200 ; 328 871 901
172 200 ; 120 809 868
173 200 ; 584 903 921
174 200 ; 411 816 974
175 200 ; 412 783 974
176 200 ; 95 780 873
177 200 ; 700 851 923
178 200 ; 99 796 954
179 200 ; 297 856 863
180 200 ; 705 902 942
182 200 ; 105 896 967
183 200 ; 667 829 917
184 200 ; 268 828 862
185 200 ; 117 936 954
186 200 ; 386 897 962
187 200 ; 92 813 867
188 200 ; 53 939 967
190 200 ; 585 806 921
192 200 ; 206 831 838
193 200 ; 513 836 913
194 200 ; 176 805 889
195 200 ; 288 843 880
196 200 ; 151 912 945
197 200 ; 76 861 949
198 200 ; 404 866 868
200 200 ; 600 787 944
201 200 ; 556 806 903
202 200 ; 188 847 916
204 200 ; 269 862 863
205 200 ; 558 823 973
206 200 ; 181 828 863
207 200 ; 596 846 977
208 200 ; 310 812 875
209 200 ; 54 967 972
211 200 ; 77 818 861
212 200 ; 59 912 969
213 200 ; 639 854 883
215 200 ; 475 947 966
216 200 ; 101 785 799
217 200 ; 146 808 949
218 200 ; 642 928 973
219 200 ; 158 847 951
221 200 ; 612 891 937
222 200 ; 343 804 891
223 200 ; 624 811 938
225 200 ; 523 817 931
226 200 ; 102 784 799
227 200 ; 709 815 881
228 200 ; 147 804 808
229 200 ; 74 810 970
230 200 ; 442 790 853
232 200 ; 257 835 911
233 200 ; 55 926 967
234 200 ; 380 843 886
235 200 ; 300 918 976
236 200 ; 301 904 918
237 200 ; 449 840 915
239 200 ; 674 893 941
240 200 ; 260 827 909
241 200 ; 329 839 871
242 200 ; 152 945 969
243 200 ; 381 880 886
244 200 ; 88 810 874
246 200 ; 213 805 961
249 200 ; 460 845 860
250 200 ; 312 951 960
251 200 ; 126 785 825
252 200 ; 191 828 901
253 200 ; 184 820 969
255 200 ; 682 892 895
256 200 ; 161 780 858
257 200 ; 306 802 831
258 200 ; 335 882 951
259 200 ; 366 890 897
262 200 ; 564 845 955
263 200 ; 231 890 924
264 200 ; 313 825 960
265 200 ; 514 836 965
266 200 ; 232 890 916
267 200 ; 330 828 871
268 200 ; 177 805 894
271 200 ; 538 849 905
272 200 ; 264 864 948
273 200 ; 302 918 957
274 200 ; 434 848 880
275 200 ; 323 821 911
276 200 ; 265 889 948
277 200 ; 465 793 812
279 200 ; 261 827 840
280 200 ; 349 801 819
281 200 ; 258 835 840
283 200 ; 307 779 802
284 200 ; 544 794 963
285 200 ; 324 821 840
287 200 ; 653 807 922
288 200 ; 701 851 887
290 200 ; 710 815 869
291 200 ; 490 865 875
292 200 ; 352 872 931
293 200 ; 497 875 884
294 200 ; 718 887 907
295 200 ; 476 860 947
296 200 ; 19 785 939
297 200 ; 466 793 910
298 200 ; 33 876 969
299 200 ; 106 896 939
300 200 ; 248 826 864
301 200 ; 420 819 932
302 200 ; 767 795 950
303 200 ; 506 800 903
304 200 ; 209 805 864
305 200 ; 491 812 865
306 200 ; 432 789 934
307 200 ; 387 936 962
308 200 ; 336 825 882
309 200 ; 605 879 883
311 200 ; 691 899 938
312 200 ; 477 803 947
313 200 ; 438 803 886
314 200 ; 515 836 934
315 200 ; 654 817 922
318 200 ; 565 860 955
319 200 ; 402 789 852
320 200 ; 237 837 855
321 200 ; 64 870 954
322 200 ; 337 799 882
323 200 ; 293 791 819
324 200 ; 439 803 880
326 200 ; 665 829 884
328 200 ; 648 806 869
329 200 ; 93 867 868
330 200 ; 421 791 932
331 200 ; 683 846 892
332 200 ; 422 801 932
333 200 ; 201 876 909
334 200 ; 566 955 966
335 200 ; 749 892 956
336 200 ; 478 848 947
337 200 ; 266 859 948
338 200 ; 684 892 977
339 200 ; 435 848 966
341 200 ; 471 911 953
342 200 ; 625 938 964
343 200 ; 768 795 841
347 200 ; 398 823 927
348 200 ; 722 834 852
349 200 ; 325 821 909
350 200 ; 661 806 881
351 200 ; 520 782 908
353 200 ; 472 849 953
354 200 ; 586 800 921
355 200 ; 393 782 944
357 200 ; 291 840 849
358 200 ; 405 809 866
359 200 ; 461 845 940
360 200 ; 450 827 915
361 200 ; 440 803 848
363 200 ; 531 794 859
364 200 ; 254 957 976
366 200 ; 369 779 898
368 200 ; 359 797 936
369 200 ; 127 825 939
370 200 ; 173 855 906
371 200 ; 498 792 884
372 200 ; 675 798 893
373 200 ; 394 898 944
374 200 ; 388 796 962
375 200 ; 499 793 884
376 200 ; 516 836 977
377 200 ; 488 913 977
378 200 ; 451 849 915
379 200 ; 162 786 858
381 200 ; 756 907 950
382 200 ; 668 884 917
383 200 ; 507 853 903
385 200 ; 532 794 914
386 200 ; 485 804 888
387 200 ; 445 853 914
388 200 ; 406 866 867
389 200 ; 601 787 908
390 200 ; 96 818 873
391 200 ; 251 901 904
392 200 ; 669 865 917
393 200 ; 255 858 976
394 200 ; 629 839 941
395 200 ; 395 779 944
396 200 ; 123 804 818
397 200 ; 238 837 885
398 200 ; 331 871 918
399 200 ; 407 783 866
400 200 ; 423 927 932
402 200 ; 602 787 898
403 200 ; 643 910 928
404 200 ; 303 901 918
405 200 ; 551 895 913
406 200 ; 353 809 931
409 200 ; 413 801 974
410 200 ; 698 887 923
411 200 ; 414 900 974
412 200 ; 174 832 855
413 200 ; 486 808 888
414 200 ; 524 809 817
415 200 ; 630 828 941
416 200 ; 60 912 930
417 200 ; 281 858 968
418 200 ; 769 795 907
420 200 ; 500 865 884
422 200 ; 567 940 955
423 200 ; 655 820 922
424 200 ; 214 958 961
425 200 ; 462 845 852
426 200 ; 282 901 968
427 200 ; 692 854 899
428 200 ; 597 836 846
429 200 ; 326 821 929
430 200 ; 350 801 816
431 200 ; 706 923 942
432 200 ; 274 813 816
433 200 ; 579 824 878
434 200 ; 533 794 948
435 200 ; 424 932 971
436 200 ; 249 826 958
437 200 ; 452 909 915
438 200 ; 631 862 941
439 200 ; 750 846 956
440 200 ; 656 922 945
441 200 ; 415 866 974
442 200 ; 70 912 929
443 200 ; 568 848 955
444 200 ; 239 837 912
445 200 ; 389 890 962
446 200 ; 592 831 883
447 200 ; 283 863 968
448 200 ; 723 789 834
449 200 ; 197 885 912
451 200 ; 724 834 845
452 200 ; 539 905 953
453 200 ; 580 824 843
454 200 ; 240 837 945
455 200 ; 139 778 832
456 200 ; 640 854 938
457 200 ; 492 865 910
458 200 ; 632 798 941
459 200 ; 525 817 866
460 200 ; 676 862 893
461 200 ; 751 829 956
462 200 ; 626 879 938
463 200 ; 711 815 935
464 200 ; 554 798 953
465 200 ; 314 924 960
466 200 ; 712 815 822
467 200 ; 606 831 879
468 200 ; 593 838 883
469 200 ; 390 916 962
470 200 ; 746 787 857
471 200 ; 649 869 903
472 200 ; 732 830 937
473 200 ; 581 824 975
474 200 ; 540 905 915
475 200 ; 360 797 954
476 200 ; 354 931 959
477 200 ; 702 851 902
478 200 ; 361 797 890
479 200 ; 559 927 973
480 200 ; 627 824 938
481 200 ; 315 890 960
482 200 ; 618 964 975
483 200 ; 657 837 922
485 200 ; 473 821 953
486 200 ; 713 815 821
487 200 ; 436 848 975
488 200 ; 198 885 929
489 200 ; 736 781 787
490 200 ; 644 865 928
491 200 ; 693 824 899
492 200 ; 503 790 800
493 200 ; 425 816 932
494 200 ; 275 816 959
495 200 ; 714 815 885
496 200 ; 607 802 879
497 200 ; 752 917 956
498 200 ; 658 855 922
499 200 ; 770 795 943
500 200 ; 517 789 836
501 200 ; 760 841 943
503 200 ; 715 815 929
504 200 ; 391 874 962
506 200 ; 757 887 950
507 200 ; 526 817 855
508 200 ; 215 939 961
509 200 ; 716 815 953
510 200 ; 719 907 923
511 200 ; 582 824 886
512 200 ; 202 909 969
513 200 ; 569 842 955
514 200 ; 140 832 870
515 200 ; 141 832 954
516 200 ; 338 847 882
517 200 ; 725 834 860
518 200 ; 726 834 836
519 200 ; 662 881 953
520 200 ; 650 822 869
521 200 ; 534 794 894
522 200 ; 747 857 908
523 200 ; 527 817 970
524 200 ; 685 892 917
525 200 ; 528 810 817
526 200 ; 570 789 955
527 200 ; 720 907 942
528 200 ; 571 934 955
529 200 ; 178 805 939
530 200 ; 619 879 964
531 200 ; 677 856 893
532 200 ; 572 955 965
533 200 ; 663 881 921
534 200 ; 587 921 953
535 200 ; 678 893 953
536 200 ; 633 905 941
537 200 ; 727 834 947
538 200 ; 733 830 888
539 200 ; 734 830 907
540 200 ; 535 794 853
541 200 ; 233 825 890
542 200 ; 529 817 874
543 200 ; 560 865 973
544 200 ; 645 793 928
545 200 ; 545 800 963
546 200 ; 408 866 874
547 200 ; 493 823 865
548 200 ; 753 884 956
549 200 ; 298 856 968
550 200 ; 561 791 973
551 200 ; 634 871 941
552 200 ; 536 794 903
553 200 ; 344 818 891
554 200 ; 761 841 925
555 200 ; 762 841 857
556 200 ; 166 894 939
557 200 ; 508 894 903
558 200 ; 511 807 820
559 200 ; 362 797 832
560 200 ; 167 825 894
561 200 ; 635 915 941
562 200 ; 345 873 891
563 200 ; 651 869 894
564 200 ; 234 890 894
565 200 ; 363 797 894
566 200 ; 546 948 963
567 200 ; 373 819 900
568 200 ; 219 822 894
569 200 ; 168 832 894
571 200 ; 707 888 942
572 200 ; 453 915 969
573 200 ; 56 784 967
574 200 ; 737 781 898
575 200 ; 426 823 932
576 200 ; 688 888 902
577 200 ; 620 802 964
578 200 ; 771 795 830
579 200 ; 427 932 959
580 200 ; 494 865 932
581 200 ; 670 895 917
582 200 ; 694 886 899
583 200 ; 409 866 962
584 200 ; 621 898 964
585 200 ; 695 883 899
586 200 ; 679 893 921
587 200 ; 772 781 795
588 200 ; 763 841 887
589 200 ; 284 786 968
590 200 ; 728 834 846
591 200 ; 355 820 931
592 200 ; 304 873 918
593 200 ; 332 871 873
594 200 ; 588 856 921
595 200 ; 454 820 915
596 200 ; 210 864 958
597 200 ; 689 808 902
598 200 ; 133 782 838
599 200 ; 729 803 834
600 200 ; 346 871 891
601 200 ; 455 915 931
602 200 ; 773 795 937
603 200 ; 562 819 973
604 200 ; 774 795 898
605 200 ; 613 871 937
606 200 ; 573 955 975
607 200 ; 285 949 968
608 200 ; 456 871 915
609 200 ; 286 808 968
610 200 ; 574 913 955
611 200 ; 504 800 856
612 200 ; 622 955 964
613 200 ; 575 895 955
614 200 ; 671 917 955
615 200 ; 457 915 959
616 200 ; 576 898 955
617 200 ; 764 841 851
618 200 ; 416 962 974
619 200 ; 458 915 932
620 200 ; 417 916 974
621 200 ; 614 915 937
622 200 ; 495 865 915
623 200 ; 672 915 917
624 200 ; 775 795 915
625 200 ; 776 795 955
626 200 ; 594 782 883
627 200 ; 577 915 955
629 200 ; 374 900 916
630 200 ; 696 803 899
631 200 ; 375 847 900
632 200 ; 646 819 928
633 200 ; 765 841 908
634 200 ; 294 819 847
635 200 ; 547 856 963
636 200 ; 703 808 851
637 200 ; 548 963 968
638 200 ; 467 793 819
639 200 ; 80 784 958
640 200 ; 754 793 956
641 200 ; 468 793 847
642 200 ; 598 793 846
643 200 ; 67 778
643 200 ; 86 779
643 200 ; 52 780
643 200 ; 738 781
643 200 ; 134 782
643 200 ; 144 783
643 200 ; 16 784
643 200 ; 12 785
643 200 ; 37 786
643 200 ; 603 787
643 200 ; 150 788
643 200 ; 384 789
643 200 ; 443 790
643 200 ; 271 791
643 200 ; 243 792
643 200 ; 469 793
643 200 ; 537 794
643 200 ; 777 795
643 200 ; 100 796
643 200 ; 364 797
643 200 ; 555 798
643 200 ; 103 799
643 200 ; 505 800
643 200 ; 351 801
643 200 ; 308 802
643 200 ; 441 803
643 200 ; 124 804
643 200 ; 179 805
643 200 ; 557 806
643 200 ; 512 807
643 200 ; 148 808
643 200 ; 121 809
643 200 ; 41 810
643 200 ; 610 811
643 200 ; 311 812
643 200 ; 82 813
643 200 ; 91 814
643 200 ; 717 815
643 200 ; 276 816
643 200 ; 530 817
643 200 ; 39 818
643 200 ; 295 819
643 200 ; 185 820
643 200 ; 327 821
643 200 ; 220 822
643 200 ; 399 823
643 200 ; 583 824
643 200 ; 128 825
643 200 ; 250 826
643 200 ; 262 827
643 200 ; 182 828
643 200 ; 666 829
643 200 ; 735 830
643 200 ; 207 831
643 200 ; 142 832
643 200 ; 23 833
643 200 ; 730 834
643 200 ; 259 835
643 200 ; 518 836
643 200 ; 241 837
643 200 ; 111 838
643 200 ; 245 839
643 200 ; 180 840
643 200 ; 766 841
643 200 ; 342 842
643 200 ; 289 843
643 200 ; 30 844
643 200 ; 463 845
643 200 ; 599 846
643 200 ; 156 847
643 200 ; 437 848
643 200 ; 292 849
643 200 ; 341 850
643 200 ; 704 851
643 200 ; 403 852
643 200 ; 419 853
643 200 ; 641 854
643 200 ; 175 855
643 200 ; 299 856
643 200 ; 748 857
643 200 ; 163 858
643 200 ; 223 859
643 200 ; 448 860
643 200 ; 78 861
643 200 ; 270 862
643 200 ; 170 863
643 200 ; 211 864
643 200 ; 496 865
643 200 ; 410 866
643 200 ; 94 867
643 200 ; 85 868
643 200 ; 652 869
643 200 ; 44 870
643 200 ; 333 871
643 200 ; 137 872
643 200 ; 97 873
643 200 ; 89 874
643 200 ; 204 875
643 200 ; 34 876
643 200 ; 21 877
643 200 ; 358 878
643 200 ; 608 879
643 200 ; 230 880
643 200 ; 664 881
643 200 ; 339 882
643 200 ; 595 883
643 200 ; 501 884
643 200 ; 199 885
643 200 ; 382 886
643 200 ; 699 887
643 200 ; 487 888
643 200 ; 83 889
643 200 ; 235 890
643 200 ; 347 891
643 200 ; 686 892
643 200 ; 680 893
643 200 ; 169 894
643 200 ; 552 895
643 200 ; 107 896
643 200 ; 367 897
643 200 ; 370 898
643 200 ; 697 899
643 200 ; 376 900
643 200 ; 192 901
643 200 ; 690 902
643 200 ; 509 903
643 200 ; 252 904
643 200 ; 541 905
643 200 ; 115 906
643 200 ; 721 907
643 200 ; 521 908
643 200 ; 203 909
643 200 ; 430 910
643 200 ; 194 911
643 200 ; 61 912
643 200 ; 480 913
643 200 ; 446 914
643 200 ; 459 915
643 200 ; 189 916
643 200 ; 673 917
643 200 ; 305 918
643 200 ; 1 919
643 200 ; 3 920
643 200 ; 589 921
643 200 ; 659 922
643 200 ; 681 923
643 200 ; 108 924
643 200 ; 740 925
643 200 ; 9 926
643 200 ; 278 927
643 200 ; 647 928
643 200 ; 71 929
643 200 ; 29 930
643 200 ; 356 931
643 200 ; 428 932
643 200 ; 130 933
643 200 ; 433 934
643 200 ; 229 935
643 200 ; 118 936
643 200 ; 615 937
643 200 ; 628 938
643 200 ; 20 939
643 200 ; 378 940
643 200 ; 636 941
643 200 ; 708 942
643 200 ; 743 943
643 200 ; 396 944
643 200 ; 153 945
643 200 ; 590 946
643 200 ; 479 947
643 200 ; 267 948
643 200 ; 48 949
643 200 ; 758 950
643 200 ; 159 951
643 200 ; 35 952
643 200 ; 474 953
643 200 ; 65 954
643 200 ; 578 955
643 200 ; 755 956
643 200 ; 226 957
643 200 ; 81 958
643 200 ; 114 959
643 200 ; 316 960
643 200 ; 216 961
643 200 ; 392 962
643 200 ; 549 963
643 200 ; 623 964
643 200 ; 483 965
643 200 ; 431 966
643 200 ; 57 967
643 200 ; 287 968
643 200 ; 26 969
643 200 ; 75 970
643 200 ; 321 971
643 200 ; 5 972
643 200 ; 563 973
643 200 ; 418 974
643 200 ; 319 975
643 200 ; 256 976
643 200 ; 489 977
# matrix block 2
643 0 ; 1
5 1 ; 1 2
643 1 ; 2
22 2 ; 2 3
643 2 ; 3
11 3 ; 1 4
30 3 ; 2 4
35 3 ; 3 4
643 3 ; 4
41 4 ; 1 5
50 4 ; 2 5
643 4 ; 5
26 5 ; 5 6
47 5 ; 1 6
57 5 ; 4 6
643 5 ; 6
37 6 ; 3 7
159 6 ; 2 7
296 6 ; 5 7
643 6 ; 7
643 7 ; 8
31 8 ; 8 9
643 8 ; 9
27 9 ; 8 10
45 9 ; 9 10
643 9 ; 10
81 10 ; 8 11
153 10 ; 9 11
643 10 ; 11
643 11 ; 12
6 12 ; 11 13
116 12 ; 8 13
298 12 ; 10 13
643 12 ; 13
643 13 ; 14
23 14 ; 12 15
643 14 ; 15
42 15 ; 12 16
643 15 ; 16
18 16 ; 14 17
643 16 ; 17
64 17 ; 14 18
109 17 ; 17 18
643 17 ; 18
67 18 ; 15 19
69 18 ; 12 19
90 18 ; 16 19
643 18 ; 19
38 19 ; 12 20
48 19 ; 15 20
139 19 ; 16 20
643 19 ; 20
188 20 ; 7 21
209 20 ; 3 21
233 20 ; 4 21
573 20 ; 6 21
643 20 ; 21
76 21 ; 9 22
212 21 ; 10 22
416 21 ; 11 22
643 21 ; 22
136 22 ; 14 23
150 22 ; 17 23
321 22 ; 18 23
643 22 ; 23
33 23 ; 18 24
643 23 ; 24
55 24 ; 13 25
78 24 ; 11 25
442 24 ; 22 25
643 24 ; 25
15 25 ; 24 26
54 25 ; 18 26
229 25 ; 17 26
643 25 ; 26
197 26 ; 19 27
211 26 ; 16 27
643 26 ; 27
28 27 ; 21 28
639 27 ; 6 28
643 27 ; 28
643 28 ; 29
643 29 ; 30
113 30 ; 29 31
643 30 ; 31
643 31 ; 32
170 32 ; 23 33
244 32 ; 17 33
643 32 ; 33
75 33 ; 32 34
643 33 ; 34
187 34 ; 29 35
329 34 ; 31 35
643 34 ; 35
176 35 ; 20 36
390 35 ; 16 36
643 35 ; 36
52 36 ; 33 37
178 36 ; 23 37
643 36 ; 37
216 37 ; 5 38
226 37 ; 6 38
643 37 ; 38
106 38 ; 28 39
182 38 ; 21 39
299 38 ; 7 39
643 38 ; 39
643 39 ; 40
12 40 ; 34 41
68 40 ; 32 41
643 40 ; 41
123 41 ; 29 42
167 41 ; 31 42
643 41 ; 42
643 42 ; 43
34 43 ; 37 44
185 43 ; 23 44
643 43 ; 44
121 44 ; 42 45
172 44 ; 31 45
643 44 ; 45
74 45 ; 27 46
396 45 ; 16 46
643 45 ; 46
128 46 ; 38 47
251 46 ; 5 47
369 46 ; 7 47
643 46 ; 47
149 47 ; 30 48
643 47 ; 48
65 48 ; 34 49
157 48 ; 32 49
598 48 ; 41 49
643 48 ; 49
21 49 ; 45 50
124 49 ; 42 50
643 49 ; 50
97 50 ; 43 51
455 50 ; 24 51
514 50 ; 18 51
515 50 ; 23 51
643 50 ; 51
25 51 ; 35 52
643 51 ; 52
115 52 ; 27 53
217 52 ; 19 53
228 52 ; 46 53
643 52 ; 53
99 53 ; 40 54
643 53 ; 54
196 54 ; 22 55
242 54 ; 10 55
643 54 ; 55
2 55 ; 54 56
135 55 ; 40 56
643 55 ; 56
155 56 ; 40 57
219 56 ; 56 57
643 56 ; 57
102 57 ; 36 58
256 57 ; 20 58
379 57 ; 15 58
643 57 ; 58
156 58 ; 48 59
164 58 ; 30 59
556 58 ; 7 59
560 58 ; 47 59
569 58 ; 51 59
643 58 ; 59
643 59 ; 60
130 60 ; 26 61
154 60 ; 24 61
370 60 ; 43 61
412 60 ; 51 61
643 60 ; 61
194 61 ; 30 62
268 61 ; 59 62
529 61 ; 7 62
643 61 ; 62
643 62 ; 63
206 63 ; 60 64
643 63 ; 64
13 64 ; 55 65
253 64 ; 10 65
643 64 ; 65
40 65 ; 54 66
103 65 ; 40 66
202 65 ; 56 66
643 65 ; 66
100 66 ; 60 67
252 66 ; 64 67
643 66 ; 67
43 67 ; 63 68
643 67 ; 68
87 68 ; 51 69
119 68 ; 43 69
449 68 ; 22 69
488 68 ; 25 69
643 68 ; 69
168 69 ; 25 70
333 69 ; 13 70
512 69 ; 10 70
643 69 ; 70
643 70 ; 71
92 71 ; 32 72
192 71 ; 41 72
643 71 ; 72
137 72 ; 30 73
304 72 ; 62 73
596 72 ; 28 73
643 72 ; 73
148 73 ; 39 74
246 73 ; 62 74
424 73 ; 28 74
508 73 ; 7 74
643 73 ; 74
66 74 ; 51 75
80 74 ; 69 75
568 74 ; 59 75
643 74 ; 75
107 75 ; 59 76
133 75 ; 48 76
643 75 ; 76
134 76 ; 58 77
145 76 ; 36 77
643 76 ; 77
4 77 ; 75 78
29 77 ; 69 78
643 77 ; 78
643 78 ; 79
263 79 ; 40 80
266 79 ; 66 80
541 79 ; 47 80
564 79 ; 59 80
643 79 ; 80
111 80 ; 43 81
320 80 ; 61 81
397 80 ; 69 81
444 80 ; 22 81
454 80 ; 55 81
643 80 ; 81
60 81 ; 71 82
643 81 ; 82
56 82 ; 64 83
643 82 ; 83
138 83 ; 74 84
161 83 ; 62 84
300 83 ; 73 84
436 83 ; 28 84
643 83 ; 84
391 84 ; 67 85
643 84 ; 85
1 85 ; 85 86
364 85 ; 77 86
393 85 ; 58 86
643 85 ; 86
232 86 ; 68 87
281 86 ; 63 87
643 86 ; 87
240 87 ; 70 88
279 87 ; 63 88
643 87 ; 88
94 88 ; 48 89
272 88 ; 73 89
276 88 ; 30 89
337 88 ; 76 89
643 88 ; 89
184 89 ; 64 90
204 89 ; 60 90
643 89 ; 90
643 90 ; 91
89 91 ; 52 92
118 91 ; 35 92
432 91 ; 29 92
494 91 ; 42 92
643 91 ; 92
62 92 ; 91 93
643 92 ; 93
14 93 ; 86 94
16 93 ; 85 94
417 93 ; 58 94
426 93 ; 67 94
447 93 ; 60 94
589 93 ; 15 94
607 93 ; 19 94
609 93 ; 53 94
643 93 ; 94
195 94 ; 79 95
643 94 ; 95
146 95 ; 87 96
357 95 ; 63 96
643 95 ; 96
323 96 ; 91 97
634 96 ; 56 97
643 96 ; 97
9 97 ; 90 98
179 97 ; 60 98
549 97 ; 94 98
643 97 ; 98
235 98 ; 86 99
236 98 ; 85 99
273 98 ; 77 99
404 98 ; 67 99
592 98 ; 36 99
643 98 ; 99
257 99 ; 72 100
283 99 ; 32 100
643 99 ; 100
141 100 ; 82 101
208 100 ; 71 101
643 100 ; 101
250 101 ; 57 102
264 101 ; 47 102
465 101 ; 40 102
481 101 ; 80 102
643 101 ; 102
10 102 ; 95 103
162 102 ; 79 103
643 102 ; 103
88 103 ; 93 104
643 103 ; 104
63 104 ; 88 105
275 104 ; 68 105
285 104 ; 63 105
349 104 ; 70 105
429 104 ; 25 105
643 104 ; 105
171 105 ; 67 106
241 105 ; 83 106
267 105 ; 64 106
398 105 ; 99 106
593 105 ; 36 106
643 105 ; 106
79 106 ; 102 107
258 106 ; 57 107
308 106 ; 47 107
322 106 ; 38 107
516 106 ; 56 107
643 106 ; 107
152 107 ; 97 108
643 107 ; 108
643 108 ; 109
222 109 ; 46 110
553 109 ; 16 110
562 109 ; 36 110
600 109 ; 106 110
643 109 ; 110
53 110 ; 108 111
280 110 ; 97 111
430 110 ; 92 111
643 110 ; 111
292 111 ; 50 112
406 111 ; 45 112
476 111 ; 42 112
591 111 ; 65 112
643 111 ; 112
86 112 ; 95 113
643 112 ; 113
368 113 ; 44 114
475 113 ; 23 114
478 113 ; 80 114
559 113 ; 51 114
565 113 ; 59 114
643 113 ; 114
8 114 ; 114 115
259 114 ; 80 115
643 114 ; 115
58 115 ; 100 116
366 115 ; 32 116
643 115 ; 116
20 116 ; 108 117
44 116 ; 111 117
567 116 ; 97 117
629 116 ; 66 117
631 116 ; 56 117
643 116 ; 117
104 117 ; 109 118
643 117 ; 118
144 118 ; 113 119
234 118 ; 95 119
243 118 ; 79 119
643 118 ; 119
77 119 ; 109 120
643 119 ; 120
158 120 ; 114 121
186 120 ; 115 121
307 120 ; 44 121
374 120 ; 37 121
445 120 ; 80 121
469 120 ; 66 121
504 120 ; 33 121
643 120 ; 121
355 121 ; 49 122
373 121 ; 116 122
395 121 ; 32 122
643 121 ; 122
36 122 ; 104 123
347 122 ; 93 123
643 122 ; 123
84 123 ; 118 124
101 123 ; 109 124
319 123 ; 120 124
643 123 ; 124
198 124 ; 31 125
358 124 ; 45 125
388 124 ; 35 125
399 124 ; 52 125
546 124 ; 33 125
583 124 ; 121 125
643 124 ; 125
174 125 ; 92 126
175 125 ; 52 126
409 125 ; 111 126
411 125 ; 117 126
441 125 ; 125 126
618 125 ; 121 126
620 125 ; 66 126
643 125 ; 126
643 126 ; 127
301 127 ; 97 128
330 127 ; 91 128
332 127 ; 111 128
400 127 ; 93 128
435 127 ; 104 128
493 127 ; 92 128
575 127 ; 123 128
579 127 ; 42 128
643 127 ; 128
98 128 ; 101 129
643 128 ; 129
643 129 ; 130
306 130 ; 120 131
643 130 ; 131
274 131 ; 79 132
339 131 ; 130 132
487 131 ; 103 132
643 131 ; 132
313 132 ; 119 133
324 132 ; 79 133
361 132 ; 132 133
643 132 ; 133
230 133 ; 127 134
643 133 ; 134
3 134 ; 134 135
387 134 ; 127 135
643 134 ; 135
85 135 ; 130 136
643 135 ; 136
237 136 ; 63 137
360 136 ; 88 137
378 136 ; 96 137
437 136 ; 70 137
572 136 ; 10 137
595 136 ; 65 137
601 136 ; 112 137
608 136 ; 106 137
615 136 ; 42 137
619 136 ; 128 137
643 136 ; 137
249 137 ; 136 138
359 137 ; 118 138
425 137 ; 124 138
643 137 ; 138
126 138 ; 82 139
277 138 ; 101 139
297 138 ; 129 139
638 138 ; 97 139
641 138 ; 56 139
643 138 ; 139
127 139 ; 87 140
341 139 ; 68 140
353 139 ; 96 140
485 139 ; 105 140
643 139 ; 140
215 140 ; 130 141
295 140 ; 136 141
312 140 ; 133 141
336 140 ; 132 141
643 140 ; 141
643 141 ; 142
108 142 ; 131 143
117 142 ; 142 143
643 142 ; 143
96 143 ; 110 144
386 143 ; 46 144
413 143 ; 53 144
643 143 ; 144
377 144 ; 142 145
643 144 ; 145
291 145 ; 71 146
305 145 ; 101 146
457 145 ; 129 146
547 145 ; 123 146
580 145 ; 128 146
622 145 ; 137 146
643 145 ; 146
293 146 ; 71 147
371 146 ; 82 147
375 146 ; 139 147
420 146 ; 146 147
643 146 ; 147
140 147 ; 127 148
492 147 ; 134 148
611 147 ; 98 148
643 147 ; 148
303 148 ; 148 149
383 148 ; 127 149
557 148 ; 59 149
643 148 ; 149
120 149 ; 112 150
558 149 ; 65 150
643 149 ; 150
193 150 ; 142 151
265 150 ; 143 151
314 150 ; 131 151
376 150 ; 145 151
500 150 ; 120 151
643 150 ; 151
160 151 ; 122 152
351 151 ; 49 152
643 151 ; 152
142 152 ; 150 153
225 152 ; 112 153
414 152 ; 45 153
459 152 ; 125 153
507 152 ; 61 153
523 152 ; 26 153
525 152 ; 17 153
542 152 ; 33 153
643 152 ; 153
363 153 ; 76 154
385 153 ; 135 154
434 153 ; 89 154
521 153 ; 59 154
540 153 ; 127 154
552 153 ; 149 154
643 153 ; 154
271 154 ; 96 155
452 154 ; 140 155
474 154 ; 137 155
643 154 ; 155
82 155 ; 135 156
132 155 ; 134 156
284 155 ; 154 156
545 155 ; 148 156
566 155 ; 89 156
635 155 ; 98 156
637 155 ; 94 156
643 155 ; 156
95 156 ; 145 157
405 156 ; 142 157
643 156 ; 157
7 157 ; 155 158
464 157 ; 140 158
643 157 ; 158
201 158 ; 149 159
643 158 ; 159
205 159 ; 123 160
479 159 ; 93 160
543 159 ; 146 160
550 159 ; 91 160
603 159 ; 97 160
643 159 ; 160
262 160 ; 138 161
318 160 ; 136 161
334 160 ; 130 161
422 160 ; 118 161
443 160 ; 132 161
513 160 ; 109 161
526 160 ; 120 161
528 160 ; 131 161
532 160 ; 143 161
606 160 ; 103 161
610 160 ; 142 161
613 160 ; 157 161
616 160 ; 116 161
627 160 ; 137 161
643 160 ; 161
433 161 ; 113 162
453 161 ; 95 162
473 161 ; 103 162
511 161 ; 119 162
643 161 ; 162
173 162 ; 149 163
190 162 ; 159 163
354 162 ; 148 163
534 162 ; 140 163
594 162 ; 98 163
643 162 ; 163
643 163 ; 164
112 164 ; 164 165
446 164 ; 72 165
468 164 ; 41 165
626 164 ; 49 165
643 164 ; 165
207 165 ; 145 166
428 165 ; 151 166
642 165 ; 139 166
643 165 ; 166
200 166 ; 122 167
389 166 ; 152 167
402 166 ; 116 167
643 166 ; 167
39 167 ; 164 168
309 167 ; 165 168
467 167 ; 72 168
496 167 ; 100 168
643 167 ; 168
143 168 ; 162 169
643 168 ; 169
110 169 ; 144 170
221 169 ; 110 170
605 169 ; 106 170
621 169 ; 137 170
643 169 ; 170
71 170 ; 169 171
163 170 ; 162 171
482 170 ; 103 171
530 170 ; 168 171
577 170 ; 100 171
584 170 ; 116 171
612 170 ; 161 171
643 170 ; 171
223 171 ; 169 172
342 171 ; 171 172
462 171 ; 168 172
480 171 ; 162 172
643 171 ; 172
394 172 ; 83 173
415 172 ; 64 173
438 172 ; 90 173
458 172 ; 158 173
536 172 ; 155 173
551 172 ; 106 173
561 172 ; 137 173
643 172 ; 173
72 173 ; 164 174
131 173 ; 168 174
213 173 ; 165 174
456 173 ; 172 174
643 173 ; 174
218 174 ; 160 175
403 174 ; 129 175
490 174 ; 146 175
544 174 ; 139 175
632 174 ; 97 175
643 174 ; 175
328 175 ; 159 176
471 175 ; 149 176
520 175 ; 75 176
563 175 ; 59 176
643 175 ; 176
287 176 ; 150 177
315 176 ; 153 177
423 176 ; 65 177
440 176 ; 55 177
483 176 ; 81 177
498 176 ; 61 177
643 176 ; 177
32 177 ; 176 178
350 177 ; 159 178
519 177 ; 140 178
533 177 ; 163 178
643 177 ; 178
326 178 ; 147 179
643 178 ; 179
183 179 ; 179 180
382 179 ; 147 180
392 179 ; 146 180
581 179 ; 157 180
614 179 ; 161 180
623 179 ; 137 180
643 179 ; 180
239 180 ; 173 181
372 180 ; 158 181
460 180 ; 90 181
531 180 ; 98 181
535 180 ; 140 181
586 180 ; 163 181
643 180 ; 181
643 181 ; 182
255 182 ; 157 183
331 182 ; 166 183
338 182 ; 145 183
524 182 ; 180 183
643 182 ; 183
129 183 ; 182 184
576 183 ; 144 184
597 183 ; 53 184
643 183 ; 184
311 184 ; 172 185
427 184 ; 174 185
491 184 ; 162 185
582 184 ; 119 185
585 184 ; 165 185
630 184 ; 133 185
643 184 ; 185
410 185 ; 182 186
643 185 ; 186
177 186 ; 182 187
288 186 ; 186 187
477 186 ; 184 187
636 186 ; 53 187
643 186 ; 187
180 187 ; 184 188
431 187 ; 182 188
571 187 ; 144 188
643 187 ; 188
227 188 ; 178 189
290 188 ; 176 189
463 188 ; 78 189
466 188 ; 75 189
486 188 ; 105 189
495 188 ; 69 189
503 188 ; 25 189
509 188 ; 140 189
643 188 ; 189
294 189 ; 186 190
510 189 ; 182 190
527 189 ; 188 190
643 189 ; 190
348 190 ; 124 191
448 190 ; 120 191
451 190 ; 138 191
517 190 ; 136 191
518 190 ; 151 191
537 190 ; 141 191
590 190 ; 166 191
599 190 ; 133 191
643 190 ; 191
73 191 ; 188 192
472 191 ; 170 192
538 191 ; 144 192
539 191 ; 190 192
643 191 ; 192
489 192 ; 167 193
574 192 ; 116 193
643 192 ; 193
24 193 ; 193 194
643 193 ; 194
19 194 ; 194 195
61 194 ; 193 195
643 194 ; 195
59 195 ; 193 196
83 195 ; 194 196
470 195 ; 167 196
522 195 ; 152 196
643 195 ; 196
335 196 ; 183 197
439 196 ; 166 197
461 196 ; 179 197
497 196 ; 180 197
548 196 ; 147 197
640 196 ; 139 197
643 196 ; 197
381 197 ; 190 198
506 197 ; 186 198
643 197 ; 198
147 198 ; 198 199
501 198 ; 195 199
554 198 ; 194 199
555 198 ; 196 199
588 198 ; 186 199
617 198 ; 187 199
633 198 ; 152 199
643 198 ; 199
302 199 ; 198 200
343 199 ; 199 200
418 199 ; 190 200
499 199 ; 195 200
578 199 ; 192 200
587 199 ; 193 200
602 199 ; 170 200
604 199 ; 116 200
624 199 ; 137 200
625 199 ; 161 200
643 199 ; 200
0 200 ; 24
0 200 ; 32
0 200 ; 20
0 200 ; 193
0 200 ; 49
0 200 ; 52
0 200 ; 6
0 200 ; 5
0 200 ; 15
0 200 ; 167
0 200 ; 54
0 200 ; 120
0 200 ; 134
0 200 ; 91
0 200 ; 82
0 200 ; 139
0 200 ; 154
0 200 ; 200
0 200 ; 37
0 200 ; 114
0 200 ; 158
0 200 ; 38
0 200 ; 148
0 200 ; 111
0 200 ; 100
0 200 ; 133
0 200 ; 46
0 200 ; 62
0 200 ; 159
0 200 ; 150
0 200 ; 53
0 200 ; 45
0 200 ; 17
0 200 ; 169
0 200 ; 101
0 200 ; 29
0 200 ; 34
0 200 ; 189
0 200 ; 92
0 200 ; 153
0 200 ; 16
0 200 ; 97
0 200 ; 65
0 200 ; 105
0 200 ; 75
0 200 ; 123
0 200 ; 162
0 200 ; 47
0 200 ; 84
0 200 ; 88
0 200 ; 64
0 200 ; 179
0 200 ; 192
0 200 ; 72
0 200 ; 51
0 200 ; 9
0 200 ; 191
0 200 ; 87
0 200 ; 151
0 200 ; 81
0 200 ; 41
0 200 ; 83
0 200 ; 63
0 200 ; 199
0 200 ; 109
0 200 ; 95
0 200 ; 12
0 200 ; 138
0 200 ; 166
0 200 ; 56
0 200 ; 132
0 200 ; 96
0 200 ; 108
0 200 ; 187
0 200 ; 124
0 200 ; 127
0 200 ; 174
0 200 ; 61
0 200 ; 98
0 200 ; 196
0 200 ; 58
0 200 ; 76
0 200 ; 136
0 200 ; 27
0 200 ; 90
0 200 ; 60
0 200 ; 73
0 200 ; 146
0 200 ; 125
0 200 ; 35
0 200 ; 31
0 200 ; 176
0 200 ; 18
0 200 ; 106
0 200 ; 50
0 200 ; 36
0 200 ; 33
0 200 ; 71
0 200 ; 13
0 200 ; 8
0 200 ; 113
0 200 ; 168
0 200 ; 79
0 200 ; 178
0 200 ; 107
0 200 ; 165
0 200 ; 147
0 200 ; 69
0 200 ; 119
0 200 ; 186
0 200 ; 144
0 200 ; 30
0 200 ; 80
0 200 ; 110
0 200 ; 183
0 200 ; 181
0 200 ; 59
0 200 ; 157
0 200 ; 39
0 200 ; 115
0 200 ; 116
0 200 ; 185
0 200 ; 117
0 200 ; 67
0 200 ; 184
0 200 ; 149
0 200 ; 85
0 200 ; 155
0 200 ; 43
0 200 ; 190
0 200 ; 152
0 200 ; 70
0 200 ; 129
0 200 ; 68
0 200 ; 22
0 200 ; 142
0 200 ; 135
0 200 ; 137
0 200 ; 66
0 200 ; 180
0 200 ; 99
0 200 ; 1
0 200 ; 2
0 200 ; 163
0 200 ; 177
0 200 ; 182
0 200 ; 40
0 200 ; 194
0 200 ; 4
0 200 ; 93
0 200 ; 175
0 200 ; 25
0 200 ; 11
0 200 ; 112
0 200 ; 128
0 200 ; 48
0 200 ; 131
0 200 ; 78
0 200 ; 44
0 200 ; 170
0 200 ; 172
0 200 ; 7
0 200 ; 118
0 200 ; 173
0 200 ; 188
0 200 ; 195
0 200 ; 122
0 200 ; 55
0 200 ; 164
0 200 ; 141
0 200 ; 89
0 200 ; 19
0 200 ; 198
0 200 ; 57
0 200 ; 14
0 200 ; 140
0 200 ; 23
0 200 ; 161
0 200 ; 197
0 200 ; 77
0 200 ; 28
0 200 ; 42
0 200 ; 102
0 200 ; 74
0 200 ; 121
0 200 ; 156
0 200 ; 171
0 200 ; 143
0 200 ; 130
0 200 ; 21
0 200 ; 94
0 200 ; 10
0 200 ; 26
0 200 ; 104
0 200 ; 3
0 200 ; 160
0 200 ; 126
0 200 ; 103
0 200 ; 86
0 200 ; 145
# Row grades for final term
0 0
0 1
0 2
0 3
0 4
0 5
0 6
0 7
0 8
0 9
0 10
0 11
0 12
0 13
0 14
0 15
0 16
0 17
0 18
0 19
0 20
0 21
0 22
0 23
0 24
0 25
0 26
0 27
0 28
0 29
0 30
0 31
0 32
0 33
0 34
0 35
0 36
0 37
0 38
0 39
0 40
0 41
0 42
0 43
0 44
0 45
0 46
0 47
0 48
0 49
0 50
0 51
0 52
0 53
0 54
0 55
0 56
0 57
0 58
0 59
0 60
0 61
0 62
0 63
0 64
0 65
0 66
0 67
0 68
0 69
0 70
0 71
0 72
0 73
0 74
0 75
0 76
0 77
0 78
0 79
0 80
0 81
0 82
0 83
0 84
0 85
0 86
0 87
0 88
0 89
0 90
0 91
0 92
0 93
0 94
0 95
0 96
0 97
0 98
0 99
0 100
0 101
0 102
0 103
0 104
0 105
0 106
0 107
0 108
0 109
0 110
0 111
0 112
0 113
0 114
0 115
0 116
0 117
0 118
0 119
0 120
0 121
0 122
0 123
0 124
0 125
0 126
0 127
0 128
0 129
0 130
0 131
0 132
0 133
0 134
0 135
0 136
0 137
0 138
0 139
0 140
0 141
0 142
0 143
0 144
0 145
0 146
0 147
0 148
0 149
0 150
0 151
0 152
0 153
0 154
0 155
0 156
0 157
0 158
0 159
0 160
0 161
0 162
0 163
0 164
0 165
0 166
0 167
0 168
0 169
0 170
0 171
0 172
0 173
0 174
0 175
0 176
0 177
0 178
0 179
0 180
0 181
0 182
0 183
0 184
0 185
0 186
0 187
0 188
0 189
0 190
0 191
0 192
0 193
0 194
0 195
0 196
0 197
0 198
0 199
