scc2020
2
0 79 79
--field GF(2)
# finite_grid_projective_resolution
# summand_kind: P_G
# minimal_expected: true
# minimal_verified_by_2pac_before_grid_extraction: true
# grid min: 0 0
# grid max: 642 199
# matrix block 1
# matrix block 2
17 93 ; 32
46 9 ; 2
49 19 ; 5
51 5 ; 1
70 18 ; 3
91 74 ; 23
93 18 ; 4
105 65 ; 20
114 123 ; 45
122 68 ; 21
125 49 ; 14
151 76 ; 25
165 75 ; 24
166 170 ; 66
169 41 ; 10
181 36 ; 9
189 43 ; 11
191 125 ; 47
199 44 ; 12
203 58 ; 18
210 20 ; 6
214 26 ; 7
220 56 ; 17
224 52 ; 15
231 162 ; 62
238 89 ; 31
245 32 ; 8
247 83 ; 28
248 54 ; 16
254 46 ; 13
260 106 ; 38
261 118 ; 43
269 61 ; 19
270 79 ; 26
278 88 ; 30
282 105 ; 36
286 104 ; 35
289 104 ; 34
310 83 ; 28 29
316 176 ; 69
317 145 ; 55
325 106 ; 39
327 160 ; 61
340 132 ; 50
344 199 ; 77
345 182 ; 73
346 127 ; 49
352 140 ; 54
356 127 ; 48
362 151 ; 60
365 132 ; 51
367 140 ; 53
380 136 ; 52
384 150 ; 59
401 121 ; 44
407 105 ; 33 37
408 98 ; 33
419 199 ; 78
421 179 ; 72
450 80 ; 27
484 176 ; 27 70
502 199 ; 76 79
505 188 ; 23 75
519 188 ; 23 27 34 71 74
520 188 ; 23 27 34 68 71
534 177 ; 63 71
558 176 ; 27 58
568 175 ; 41 68
570 113 ; 41
591 149 ; 46 58
594 180 ; 41 63 67
596 83 ; 22
608 172 ; 64 67
611 162 ; 57 64
628 199 ; 37 46 64 67 70 76
629 125 ; 41 42 46
634 116 ; 40 42
638 174 ; 56
642 196 ; 27 40 56 65
# Row grades for final term
47 5
45 9
69 18
90 18
48 19
209 20
211 26
244 32
178 36
167 41
185 43
172 44
251 46
124 49
217 52
242 54
219 56
164 58
268 61
103 65
119 68
596 72
87 74
156 75
145 76
266 79
449 80
246 83
300 83
272 88
206 89
16 93
404 98
279 104
285 104
241 105
398 105
258 106
322 106
634 111
568 113
629 116
243 118
373 121
104 123
591 124
175 125
330 127
332 127
324 132
361 132
378 136
336 140
339 140
305 145
638 145
611 148
558 149
377 150
355 151
318 160
201 162
534 162
608 162
642 165
163 170
594 172
520 175
315 176
483 176
519 177
392 179
331 182
463 188
486 188
501 198
343 199
418 199
499 199
