scc2020
2
983 1482 500
--field GF(2)
# Boundary C_2 -> C_1
0.034048517111707796 1 ; 259 2 1
0.019142055380482137 1 ; 261 7 1
0.048677880980743569 1 ; 315 6 2
0.02523083790139 0 ; 462 9 3
0.015370062269795955 0 ; 465 11 3
0.013435075413746242 0 ; 694 5 4
0.018176184403270429 0 ; 696 7 4
0.012725148140098199 0 ; 1010 11 5
0.049032702592025856 1 ; 1079 10 6
0.035879680932470993 0 ; 1207 9 8
0.042644037801633304 0 ; 1208 10 8
0.052973601971013508 1 ; 134 15 12
0.050524505828134537 1 ; 140 19 12
0.036833814750402483 1 ; 142 14 13
0.034391045321239454 1 ; 143 17 13
0.050068286684523497 1 ; 155 15 14
0.027749848354173767 1 ; 718 18 16
0.02142528122434487 1 ; 720 19 16
0.022794675476816805 1 ; 833 18 17
0.019674244814835089 0 ; 81 25 20
0.0093132358135687814 0 ; 83 27 20
0.0043333689138015134 0 ; 196 22 21
0.006415403952483207 0 ; 200 27 21
0.0095720397602669614 0 ; 273 23 22
0.045255984449297022 0 ; 473 26 23
0.019631586445593718 0 ; 571 25 24
0.040056118158558307 0 ; 572 26 24
0.086947864619859427 1 ; 183 36 28
0.048777817733167486 1 ; 184 37 28
0.10093502815447042 1 ; 318 31 29
0.085929995654358757 1 ; 319 32 29
0.10472401511299763 1 ; 363 31 30
0.10893831456018878 1 ; 366 35 30
0.085499893434309485 1 ; 1156 38 32
0.10902905728026281 1 ; 1181 35 33
0.095791477211319961 1 ; 1182 36 33
0.0370426671004985 1 ; 1271 37 34
0.034440281027185951 1 ; 1272 38 34
0.0076346534733128064 0 ; 63 41 39
0.0084626004735669624 0 ; 64 43 39
0.0082550657596588816 0 ; 624 43 40
0.014129685421149457 1 ; 625 44 40
0.011378110195622584 0 ; 728 42 41
0.014189576310514347 1 ; 832 44 42
0.033081472318418265 0 ; 252 46 45
0.033087124264873528 0 ; 256 48 45
0.020121883792337699 0 ; 317 47 46
0.020330826800738985 0 ; 513 50 47
0.039010122938682786 1 ; 615 49 48
0.022322452945213237 1 ; 1114 50 49
10.482030586122921 1 ; 437 54 51
0.70073163116944037 1 ; 438 55 51
0.068211606910349498 1 ; 516 53 52
0.20643855481928008 1 ; 517 55 52
0.40417396196311622 1 ; 579 56 53
0.028962163285543838 1 ; 263 59 57
0.039734968475475835 1 ; 264 61 57
0.030289569746200628 1 ; 859 60 58
0.025206622055510917 1 ; 860 61 58
0.02281072024955479 1 ; 1087 60 59
0.0076715766202443934 0 ; 291 63 62
0.032490259055217942 1 ; 294 66 62
0.019704802492721402 0 ; 945 65 64
0.033121690919509478 1 ; 1191 66 65
0.037811335437767726 0 ; 218 69 67
0.087872998280066339 0 ; 221 70 67
0.0068155048737755996 0 ; 310 69 68
0.010414159530112882 1 ; 311 71 68
0.012249053700381025 1 ; 898 71 70
0.01477552990643316 0 ; 475 73 72
0.036363092887994226 0 ; 477 77 72
0.013764869884275627 0 ; 569 76 73
0.041886918404242961 1 ; 1111 75 74
0.03996341858052798 1 ; 1113 77 74
0.026085677001837029 1 ; 1198 78 75
0.022708090987133524 1 ; 1269 78 76
0.019180447108793058 0 ; 359 81 79
0.022680810519318917 0 ; 360 82 79
0.013686290727046163 0 ; 447 83 80
0.023540435662842269 0 ; 448 84 80
0.024193497713064376 0 ; 1431 84 82
0.02272492717707681 0 ; 818 90 85
0.023706493273831265 0 ; 819 92 85
0.020989167596953486 1 ; 884 87 86
0.03367685604996358 1 ; 885 88 86
0.020996772615128848 0 ; 1245 90 87
0.063059920083792104 1 ; 1279 89 88
0.023996171429723646 1 ; 1343 91 89
0.023563430587406255 0 ; 1451 92 91
0.0074244198829570181 0 ; 333 94 93
0.011309545216894399 0 ; 335 95 93
0.011139461806774078 0 ; 946 95 94
0.011644323526505745 1 ; 282 97 96
0.01848144085136201 1 ; 285 99 96
0.017363689500861566 0 ; 1103 98 97
0.012252789895032822 0 ; 1367 99 98
0.010287267531300614 0 ; 395 105 100
0.012387637987628621 0 ; 396 106 100
0.019184526933689789 1 ; 478 102 101
0.018162374161717319 1 ; 481 103 101
0.01861124202378004 0 ; 675 104 102
0.01556229864491143 0 ; 1117 105 103
0.028280964745731968 0 ; 1144 106 104
0.02726088581804486 1 ; 541 109 107
0.014010082789795014 1 ; 542 111 107
0.023981661141375267 1 ; 824 109 108
0.016191545878445786 0 ; 825 110 108
0.020742145161187019 1 ; 1151 111 110
0.024763468261994468 0 ; 756 113 112
0.050806333119007008 0 ; 757 114 112
0.023681146126052988 0 ; 806 116 113
0.04896990501862454 0 ; 1210 115 114
0.048771613485613013 1 ; 1264 117 115
0.040209717687137846 1 ; 1387 117 116
0.018193936335518985 0 ; 464 122 118
0.014714376813640023 0 ; 465 123 118
0.016456664235818937 0 ; 1009 120 119
0.014368521252705697 0 ; 1010 123 119
0.015808805420799609 0 ; 1016 121 120
0.016402635690481757 0 ; 1294 122 121
0.018061447748257003 0 ; 341 126 124
0.010299145312201597 0 ; 342 128 124
0.04118400658406584 1 ; 678 127 125
0.012617878480402656 0 ; 682 128 125
0.045320579318995309 1 ; 775 127 126
0.011147493597688886 0 ; 159 130 129
0.013193602327106596 1 ; 161 132 129
0.012579057914086653 1 ; 208 133 130
0.019367890487196216 1 ; 627 132 131
0.013005966453172299 1 ; 628 133 131
0.054007115415938042 1 ; 428 139 134
0.036060899408658247 1 ; 1049 136 135
0.035301770895066788 1 ; 1050 141 135
0.052767248226542468 1 ; 1331 137 136
0.04894806126747462 1 ; 1403 140 137
0.053117475257719433 1 ; 1430 139 138
0.050728504678752277 1 ; 1432 141 138
0.014726263143188645 0 ; 157 144 142
0.025292714285242636 1 ; 834 145 143
0.013237912948897108 0 ; 1169 145 144
0.016410263482853037 1 ; 566 149 146
0.017330416982854788 0 ; 568 150 146
0.013110849747860339 0 ; 616 148 147
0.015572862438048764 1 ; 617 149 147
0.010164569312818512 0 ; 1154 150 148
0.012588701571203172 0 ; 346 153 151
0.020687647477136206 0 ; 347 154 151
0.012006504389993551 1 ; 1241 153 152
0.030704209268850972 1 ; 1242 154 152
0.017157105039265805 0 ; 429 158 155
0.020138234687459941 0 ; 972 157 156
0.021158151511206258 0 ; 975 158 156
0.019905083322140332 0 ; 207 160 159
0.020086837096563556 1 ; 354 162 160
0.01610565682478337 1 ; 761 164 161
0.020408078925769981 1 ; 887 163 162
0.028402334954969438 0 ; 1285 164 163
0.033034394916984344 1 ; 495 168 165
0.030468381773125528 1 ; 496 169 165
0.033641799063969087 0 ; 704 167 166
0.035087027537968593 1 ; 707 171 166
0.021474361036553789 0 ; 1096 170 167
0.054320275761209666 1 ; 1337 171 168
0.024080742069680555 0 ; 1458 170 169
0.010948612828291741 1 ; 182 174 172
0.013419579315594479 1 ; 185 177 172
0.029122818881157881 1 ; 747 175 173
0.016304458087877092 1 ; 748 176 173
0.027211778539585695 1 ; 937 175 174
0.010127380771085553 1 ; 1481 177 176
0.025306453929737585 1 ; 1011 179 178
0.086127822651702296 1 ; 1014 181 178
0.035566061872208107 1 ; 1121 180 179
0.07487678136583438 1 ; 1178 181 180
0.0089006788444833691 0 ; 936 184 182
0.014337848956365525 0 ; 1369 185 183
0.012943357342862321 0 ; 210 189 186
0.0087237050401184624 0 ; 211 191 186
0.012486260645400126 0 ; 340 188 187
0.016644362472560993 0 ; 341 189 187
0.020285000905151649 1 ; 555 190 188
0.018482935634368682 1 ; 864 191 190
0.011515705288272688 1 ; 964 194 192
0.01255236739145724 1 ; 965 195 192
0.019319340618637184 1 ; 1004 194 193
0.036510702613471509 1 ; 1006 195 193
0.01238975821530707 0 ; 273 198 196
0.014090170055033536 0 ; 446 199 197
0.013367828637301179 0 ; 447 200 197
0.014059557375826067 0 ; 474 199 198
0.023363692634185817 0 ; 237 203 201
0.02464386755896331 1 ; 239 204 201
0.016221602732731551 0 ; 459 205 202
0.039568921787109301 1 ; 460 206 202
0.046939416048890299 1 ; 501 206 203
0.019486056075963421 1 ; 1061 205 204
0.0089893637965524596 1 ; 356 209 207
0.0066234779378162864 1 ; 1133 209 208
0.024223314130993535 1 ; 776 212 210
0.023483572287993623 1 ; 1059 212 211
0.25074805319997368 1 ; 772 215 213
0.022415731083645949 1 ; 1269 215 214
0.021955747798042977 1 ; 1270 216 214
0.36129244966072083 0 ; 473 222 217
0.034033461187107525 0 ; 543 220 218
0.027793464851711188 0 ; 840 220 219
0.026140079444336838 0 ; 841 222 219
0.079443192899916415 0 ; 608 224 223
0.014710031942615892 0 ; 609 225 223
0.019088533057375501 0 ; 798 226 224
0.010784240689379049 0 ; 1380 226 225
0.035218090164395047 1 ; 399 231 227
0.014750012331031525 1 ; 400 232 227
0.039077213051242315 1 ; 431 229 228
0.039729685056337574 1 ; 432 230 228
0.030004941034950994 1 ; 669 232 229
0.039039755999840123 1 ; 689 231 230
0.019546968130682883 0 ; 704 234 233
0.015425597610169267 1 ; 706 235 233
0.013068966774852425 0 ; 1097 236 234
0.0079161943105847173 1 ; 1376 236 235
0.014274259713874349 0 ; 502 241 237
0.02504066420860921 1 ; 898 239 238
0.069934650015150715 0 ; 899 240 238
0.012913091752741725 0 ; 1323 241 240
0.029124435089926921 1 ; 762 243 242
0.012249227120636379 1 ; 764 244 242
0.022770558738938098 1 ; 934 245 243
0.022904625153052995 1 ; 1286 245 244
0.0024692334431400359 0 ; 475 248 246
0.017008543939030757 0 ; 476 249 246
0.029069875510480552 1 ; 562 250 247
0.028656642349261099 0 ; 564 251 247
0.019881718937829179 1 ; 570 250 248
0.017025948280958256 0 ; 1227 251 249
0.032065161227713745 0 ; 317 253 252
0.033732113310654684 0 ; 511 254 253
0.14120830366801337 0 ; 563 258 254
0.032598415177314058 1 ; 566 257 255
0.032599151985394786 0 ; 567 258 255
0.033432861095860432 1 ; 617 257 256
0.020608954305770224 1 ; 313 260 259
0.012759411761978246 1 ; 375 261 260
0.04066850127764652 0 ; 410 265 262
0.0076579196429432082 0 ; 411 266 262
0.023984849180949244 0 ; 1089 266 263
0.055390585694650885 1 ; 1251 265 264
0.021857002473721819 1 ; 337 269 267
0.014427629813547041 0 ; 338 272 267
0.020564668926855562 0 ; 685 270 268
0.047782781088052333 1 ; 686 271 268
0.079973203856746361 1 ; 1072 271 269
0.013384907246550929 0 ; 1388 272 270
0.017256930612718966 0 ; 519 275 274
0.02429877579078386 0 ; 520 276 274
0.016938519085997184 0 ; 551 276 275
0.038729173116644582 1 ; 389 278 277
0.025979870615706321 1 ; 390 279 277
0.020999624770337469 1 ; 878 280 278
0.025256168766470941 1 ; 1046 281 279
0.027965098537073185 1 ; 1386 281 280
0.030381999953232739 1 ; 1106 284 282
0.020430605166910521 1 ; 1154 284 283
0.035585392272905796 1 ; 1155 285 283
0.034256885210283916 0 ; 307 288 286
0.11423264930518608 1 ; 308 289 286
0.084926483763901495 1 ; 1057 289 287
0.067440895663742409 1 ; 1058 290 287
0.01881428510227616 0 ; 1354 290 288
0.013616866831181925 0 ; 728 292 291
0.032063207200758052 1 ; 831 293 292
0.038454730879241172 1 ; 1056 294 293
0.09882022840300006 1 ; 642 299 295
0.076810766160065963 1 ; 645 300 295
0.038268860487194967 1 ; 1052 297 296
0.08133659507787902 1 ; 1053 298 296
0.085653202560014227 1 ; 1351 299 297
0.087649119108147849 1 ; 1358 300 298
0.065694040522486161 1 ; 890 302 301
0.063609470153023456 1 ; 893 303 301
0.19104660204519675 1 ; 1162 304 302
0.059646756533497373 1 ; 1397 304 303
0.014091138809240242 0 ; 379 306 305
0.0224464616427375 0 ; 381 307 305
0.018877384449739971 1 ; 665 309 306
0.3116117609073833 1 ; 1418 309 308
0.0074901953220773759 0 ; 544 312 310
0.0078094511573300511 1 ; 1061 312 311
0.033337846924117197 1 ; 376 316 313
0.055500279947958246 1 ; 398 315 314
0.055579358419273708 1 ; 401 316 314
0.082167125465239646 1 ; 850 320 318
0.041564682337010356 1 ; 1157 321 319
0.049442412139029876 1 ; 1410 321 320
0.015646077906502753 1 ; 730 323 322
0.016243421888549023 0 ; 731 326 322
0.016758695514947377 1 ; 1066 325 323
0.016451694371332707 1 ; 1434 325 324
0.0056129329649754738 0 ; 1435 326 324
0.017809181388571901 1 ; 1037 328 327
0.064471660977572842 1 ; 1038 329 327
0.0078230034726166995 1 ; 1045 331 328
0.053907195435429156 1 ; 1257 330 329
0.012482846013975965 0 ; 1442 331 330
0.0086061043590663078 0 ; 624 333 332
0.014808282243045473 0 ; 626 336 332
0.027240686874007998 0 ; 1252 335 334
0.020715443064847076 0 ; 1253 336 334
0.016430494166320735 1 ; 1073 339 337
0.010620023727851296 0 ; 1461 339 338
0.0090317709355550238 0 ; 557 342 340
0.023121946372582785 0 ; 369 344 343
0.021000655480403214 0 ; 371 345 343
0.022544616506771444 0 ; 521 347 344
0.012015712119386221 0 ; 609 346 345
0.0065367809833349099 0 ; 991 349 348
0.053696202524404969 1 ; 994 352 348
0.012401526809796995 0 ; 1062 351 349
0.01692481131457935 1 ; 1070 351 350
0.021220054145441494 1 ; 1073 353 350
0.052872648352253422 1 ; 1402 353 352
0.019244443035724288 1 ; 886 355 354
0.011301364927923451 0 ; 896 358 355
0.0091732220656703112 1 ; 1437 357 356
0.0087616825159996699 0 ; 1451 358 357
0.03822965920119023 1 ; 842 361 359
0.030984823591673628 1 ; 1432 361 360
0.061936609370939096 1 ; 661 364 362
0.062312347332478618 1 ; 662 365 362
0.058511499852542261 1 ; 848 365 363
0.060994189817067189 1 ; 938 367 364
0.057748197471719123 1 ; 1344 367 366
0.20520106118172277 1 ; 517 372 368
0.13382570698382451 1 ; 518 373 368
0.019328718127178852 0 ; 519 370 369
0.069752500209337889 1 ; 552 373 370
0.079680010802473278 0 ; 608 372 371
0.036015673801613579 1 ; 601 376 374
0.032787629958138921 1 ; 602 377 374
0.027793902393545823 1 ; 1180 377 375
0.0092408798023774739 0 ; 651 379 378
0.013039179693165056 0 ; 652 380 378
0.01476277921694456 0 ; 1107 381 380
0.018880528088235302 0 ; 973 386 382
0.013765809301056132 0 ; 974 387 382
0.14028886090865916 1 ; 1161 384 383
0.27517920366766907 1 ; 1163 387 383
0.046338893243653631 1 ; 1339 385 384
0.023885465910458585 0 ; 1395 386 385
0.01529573456331983 0 ; 492 390 388
0.016134207306064997 0 ; 493 393 388
0.060185959344230509 1 ; 877 391 389
0.10364928913174704 0 ; 1091 394 391
0.10249920163515076 1 ; 1176 393 392
0.10390618130595565 1 ; 1177 394 392
0.0080671690810019958 0 ; 1433 397 395
0.0089311878643507769 0 ; 1442 397 396
0.054659746870825365 1 ; 1078 400 398
0.056229914642136711 1 ; 1337 401 399
0.015745652669376015 1 ; 928 403 402
0.017405481001729336 1 ; 932 405 402
0.091159934556341984 0 ; 1142 404 403
0.014456255370809591 0 ; 1417 405 404
0.010182751813900191 0 ; 451 407 406
0.0077319646447209737 0 ; 453 411 406
0.014486835862717311 0 ; 914 409 407
0.015288010706018547 0 ; 1092 409 408
0.027228860771688693 0 ; 1094 410 408
0.069644541478168218 1 ; 995 414 412
0.078600742960965239 1 ; 997 416 412
0.025386514899323098 0 ; 1214 415 413
0.026533731167211597 0 ; 1217 416 413
0.023133886021549928 0 ; 1296 415 414
0.088954851903657872 1 ; 1146 418 417
0.033614460210974147 1 ; 1147 419 417
0.030638755685283629 1 ; 1186 420 418
0.023843370807756101 1 ; 1280 420 419
0.013067893222083436 0 ; 815 424 421
0.0082931113189758168 0 ; 816 425 421
0.0066709422510730356 0 ; 1130 425 422
0.0076361888357105272 0 ; 1131 426 422
0.008694828788285815 0 ; 1193 424 423
0.011207077255550877 0 ; 1194 426 423
0.051554497119594811 1 ; 931 428 427
0.025832984370926498 1 ; 932 429 427
0.017631758869341395 1 ; 646 432 430
0.018288640193174263 0 ; 648 434 430
0.036047998070430375 1 ; 670 436 431
0.01763141089693581 0 ; 836 434 433
0.017863831871504286 0 ; 837 435 433
0.017531908404118661 0 ; 1355 436 435
2.1160411400051942 1 ; 591 440 437
0.018424378728207465 0 ; 797 439 438
0.01804537853846104 0 ; 989 441 439
0.082354010153514359 1 ; 997 441 440
0.037702126448468612 1 ; 777 443 442
0.037598117029545373 1 ; 782 445 442
0.038199685664475451 1 ; 915 444 443
0.027206476191417889 1 ; 1024 445 444
0.017578603514102276 0 ; 1472 449 446
0.016213747184873659 0 ; 1475 449 448
0.012536810520988317 0 ; 795 451 450
0.019207049465496541 0 ; 796 454 450
0.020289121882021591 0 ; 1089 453 452
0.021226033226694859 0 ; 1090 454 452
0.0071586028124643883 0 ; 547 456 455
0.010662342693434345 0 ; 548 457 455
0.0099646865988450625 0 ; 1025 457 456
0.018474812359298737 0 ; 544 459 458
0.027613001880071587 1 ; 545 461 458
0.038335739126421124 1 ; 1248 461 460
0.014401640349868846 0 ; 1419 463 462
0.018048760405345601 0 ; 1444 464 463
0.026446993902221737 0 ; 620 467 466
0.045647276668061683 0 ; 622 470 466
0.021577023161895713 0 ; 731 471 467
0.10620467862398546 1 ; 953 469 468
0.018963188941774921 0 ; 956 472 468
0.087279803031858103 1 ; 1156 470 469
0.01918383045914919 0 ; 1460 472 471
0.024640310155689314 0 ; 1225 477 476
0.62436335432212298 1 ; 676 483 478
0.076342841789156179 1 ; 753 480 479
0.051290600383150572 1 ; 755 482 479
0.75278752379311997 1 ; 1013 483 480
0.03289607919394167 1 ; 1116 482 481
0.031180812657224697 1 ; 546 485 484
0.019777557865422898 0 ; 547 487 484
0.038902612617056104 1 ; 668 486 485
0.035809536918249979 1 ; 933 489 486
0.031734623123311878 0 ; 1025 488 487
0.031947508526678894 0 ; 1183 489 488
0.0094763244664855181 1 ; 558 491 490
0.014141676090700304 0 ; 559 492 490
0.024510628870553292 1 ; 957 493 491
0.025221598052073302 1 ; 1076 495 494
0.015145721137723887 1 ; 1077 497 494
0.025007978594596143 1 ; 1459 498 496
0.014956074872964173 1 ; 1478 498 497
0.03994316715935662 0 ; 1167 503 499
0.039819962997383038 0 ; 1168 504 499
0.013220336428494859 0 ; 1218 502 500
0.020213470835508219 0 ; 1220 504 500
0.058154389969764061 1 ; 1249 505 501
0.0415580045273274 0 ; 1474 505 503
0.0057266553897115996 1 ; 833 508 506
0.022869468670068407 1 ; 834 509 506
0.027921502287341936 1 ; 1339 509 507
0.026882429238492038 1 ; 1341 510 507
0.0067252670110131939 1 ; 1347 510 508
0.015472197817125591 0 ; 564 515 511
0.012216494444361729 0 ; 1226 514 512
0.014643137191458854 0 ; 1227 515 512
0.012186443705495067 0 ; 1350 514 513
0.045213403183973377 1 ; 580 518 516
0.033661326759127932 0 ; 1208 521 520
0.03977579061061795 1 ; 895 523 522
0.039456911196846634 1 ; 897 528 522
0.038487486500231038 1 ; 1001 526 523
0.055228322238295005 1 ; 1003 525 524
0.035432472070198916 1 ; 1005 526 524
0.066036624855248652 1 ; 1256 527 525
0.045203839955338374 1 ; 1411 528 527
0.01821602378159394 0 ; 654 530 529
0.029278501285613011 0 ; 656 531 529
0.032630987813837609 0 ; 755 532 530
0.017540412698420934 0 ; 1039 532 531
0.012996725531303287 0 ; 690 534 533
0.0092721688498785537 0 ; 693 536 533
0.016355666737673986 0 ; 780 535 534
0.01340440017923562 0 ; 1276 537 535
0.010026147307282074 0 ; 1477 537 536
0.034729512507892801 1 ; 555 540 538
0.01534422406881634 1 ; 556 542 538
0.041098722968949092 1 ; 851 540 539
0.038934715543432058 1 ; 853 541 539
0.02797555663575068 1 ; 870 545 543
0.035940702567136641 1 ; 670 550 546
0.023345494036254685 0 ; 1184 549 548
0.025163828822061904 0 ; 1381 550 549
0.023045460104892213 0 ; 1209 553 551
0.043870771893805442 1 ; 1454 553 552
0.015720815381577095 1 ; 679 556 554
0.014188851021366841 0 ; 682 557 554
0.011449210489200428 1 ; 960 561 558
0.021654493622209916 0 ; 1046 560 559
0.043329497472576438 0 ; 1422 561 560
0.074176921077464417 0 ; 1105 567 565
0.045623253051597805 0 ; 1106 568 565
0.016728399404777921 1 ; 1270 570 569
0.017630885724015544 0 ; 841 572 571
0.024820515099760545 1 ; 1198 574 573
0.018888707536538669 0 ; 1199 576 573
0.09511502923265501 1 ; 1414 575 574
0.075413290488091284 1 ; 1425 576 575
0.056923780105247929 1 ; 881 578 577
0.089675122649305564 1 ; 882 582 577
0.047583397226510317 1 ; 1294 581 578
0.12020597975498565 1 ; 1408 582 579
0.047791480704935156 1 ; 1453 581 580
0.041225201845395854 1 ; 671 584 583
0.061055959276452049 1 ; 672 585 583
0.038176154892677998 1 ; 921 587 584
0.062222598654202148 1 ; 944 588 585
0.046361848743608103 1 ; 1078 588 586
0.03179896843891012 1 ; 1079 589 586
0.033331133938316854 1 ; 1242 589 587
0.13562190612970232 1 ; 953 593 590
0.16661812309625421 1 ; 955 594 590
0.071392612475131553 1 ; 998 596 591
0.34490868196945029 1 ; 1104 594 592
1.0452921171067939 1 ; 1105 595 592
0.047351046018181214 1 ; 1157 596 593
0.023753093674393221 0 ; 638 599 597
0.023684414005279038 0 ; 639 600 597
0.024903737115514791 0 ; 703 599 598
0.030084353674811805 1 ; 707 601 598
0.021550315723244708 0 ; 1238 602 600
1.053511771925999 1 ; 773 605 603
0.041297389809446042 1 ; 1205 606 604
0.15345966773664607 1 ; 1206 607 604
0.42378016010903985 1 ; 1418 607 605
0.016118300842161145 1 ; 874 612 610
0.0041911548782685073 1 ; 876 613 610
0.017583986812706395 1 ; 1082 613 611
0.023527038492420153 1 ; 1083 614 611
0.016099408569909181 1 ; 1280 614 612
0.044872710173333823 1 ; 1115 619 615
0.051915337376148743 1 ; 1153 618 616
0.053223237988736155 1 ; 1446 619 618
0.018926103820054864 0 ; 732 623 620
0.006898560755028837 0 ; 1427 622 621
0.013527908176927766 0 ; 1428 623 621
0.013824526214914267 1 ; 1119 626 625
0.055558477205896961 1 ; 759 629 627
0.011556235557736709 1 ; 1132 629 628
0.011368994122308794 0 ; 671 631 630
0.0091324190391717849 0 ; 674 635 630
0.01191565947633221 0 ; 922 634 631
0.011759513776862499 0 ; 961 634 632
0.014411890710113369 0 ; 962 636 632
0.014335707479058702 0 ; 1216 635 633
0.023782689509395931 0 ; 1217 636 633
0.013371676092613711 1 ; 968 638 637
0.011768751688390165 1 ; 971 640 637
0.020509564347051819 0 ; 1236 640 639
0.099825082685044253 1 ; 1370 643 641
0.062755299140132864 1 ; 1372 644 641
0.095393902657314775 1 ; 1399 643 642
0.061637092354425549 1 ; 1468 645 644
0.020481706090808394 1 ; 688 647 646
0.019080559082019936 1 ; 1075 649 647
0.012334096004092854 0 ; 1305 650 648
0.014883767593005758 0 ; 1307 650 649
0.019862476880259754 0 ; 666 653 651
0.026584791751256807 0 ; 1110 653 652
0.06263967254306374 1 ; 754 658 654
0.033548670715730547 0 ; 789 656 655
0.036633726408030351 0 ; 790 657 655
0.040472073260813986 0 ; 1081 659 657
0.065979937853500814 1 ; 1122 659 658
0.024396705497125845 1 ; 835 661 660
0.02209181697459316 0 ; 838 664 660
0.037730745520259054 0 ; 1184 663 662
0.012053546022456839 0 ; 1382 664 663
0.02378431847082231 1 ; 1471 666 665
0.044965557768522492 1 ; 762 668 667
0.05130136413194511 1 ; 765 669 667
0.039016229566095503 0 ; 941 673 672
0.020512589761629986 0 ; 1216 674 673
0.4765850473487131 1 ; 1145 676 675
0.034261060443653013 1 ; 1151 679 677
0.045276113063116283 0 ; 1152 681 677
0.061629700854589249 1 ; 1205 680 678
0.061631879249192202 1 ; 1466 681 680
0.023983234933943838 0 ; 902 684 683
0.055661305682547395 1 ; 904 686 683
0.0198278432382166 0 ; 1234 687 684
0.019304189641682491 0 ; 1390 687 685
0.026288469208948648 1 ; 1076 689 688
0.033337597546471011 0 ; 778 691 690
0.019569560762564862 0 ; 1199 692 691
0.019335251271272159 0 ; 1469 693 692
0.020852806116178905 0 ; 1009 695 694
0.021975084654277378 0 ; 1015 697 695
0.018865966765809414 0 ; 1179 697 696
0.016685669735882969 0 ; 713 700 698
0.013531917704134306 0 ; 715 701 698
0.016606986895841901 0 ; 942 700 699
0.011749796428645095 0 ; 943 701 699
0.018277967136799071 0 ; 857 705 702
0.014140602754848582 1 ; 858 706 702
0.019184205388430985 0 ; 1032 705 703
0.012584184353075194 0 ; 1093 709 708
0.018821474072704274 0 ; 1094 710 708
0.01250875316103385 0 ; 1318 712 709
0.013535193015421361 0 ; 1394 711 710
0.015501602608073954 0 ; 1448 712 711
0.023302020944413988 0 ; 1287 716 713
0.019392234569280124 0 ; 1297 715 714
0.01911765869187948 0 ; 1298 716 714
0.032442741279861617 1 ; 1299 719 717
0.0084164795306804902 1 ; 1302 721 717
0.027280743702380088 0 ; 1346 721 718
0.024082885826317308 1 ; 1403 720 719
0.03184660719725968 1 ; 1034 725 722
0.0060683109318618962 0 ; 1036 727 722
0.012572111444207289 0 ; 1312 724 723
0.012437973676842989 0 ; 1314 727 723
0.011795834633852245 0 ; 1405 726 724
0.040738206022840881 1 ; 1447 726 725
0.017510158599283714 1 ; 813 730 729
0.018004966126961602 0 ; 816 732 729
0.087041781391007711 1 ; 741 734 733
0.028046097366279919 0 ; 743 739 733
0.099962828571545856 1 ; 1030 738 734
0.019829442657645132 1 ; 1067 738 735
0.019903500823602798 1 ; 1068 740 735
0.024491897668423329 0 ; 1265 737 736
0.028622907012595424 0 ; 1266 739 736
0.022190839243894603 1 ; 1275 740 737
0.058998193876865355 1 ; 1029 742 741
0.021529711795648481 0 ; 1394 743 742
0.0093709757619118376 0 ; 795 745 744
0.0080386632859124479 0 ; 796 748 744
0.013054297497024483 1 ; 913 746 745
0.041712106509336093 1 ; 1023 747 746
0.013151958928860353 0 ; 1088 750 749
0.020151380066357243 0 ; 1090 751 749
0.006805912120814283 0 ; 1369 752 750
0.0085658880080699724 0 ; 1481 752 751
0.070499136296604509 1 ; 1011 754 753
0.021737840154415926 0 ; 807 758 756
0.066321306096150071 0 ; 1211 758 757
0.058175719305315461 1 ; 1342 760 759
0.058962494424097393 1 ; 1364 761 760
0.018706630880709601 0 ; 942 764 763
0.053481951723190695 1 ; 944 765 763
0.017029558936881267 1 ; 886 767 766
0.0078019502667362912 1 ; 888 769 766
0.022964113282735642 0 ; 895 768 767
0.013872129478214302 0 ; 999 769 768
0.11975456454163073 1 ; 1028 771 770
0.12167071169359138 1 ; 1030 774 770
0.038803510511100391 1 ; 1360 773 771
0.20963252407049687 1 ; 1414 774 772
0.1041389285242123 1 ; 1206 776 775
0.039274875074579475 1 ; 917 781 777
0.037355700442883992 1 ; 1197 781 778
0.026601675335990404 0 ; 1265 780 779
0.037338134248878697 1 ; 1267 782 779
0.028037915970907667 0 ; 1123 784 783
0.017993616653546856 0 ; 1124 788 783
0.1967621009306286 0 ; 1166 786 784
0.20418786883042253 1 ; 1333 786 785
0.048512532224310075 1 ; 1334 787 785
0.028727044865014671 0 ; 1415 788 787
0.06495532171110846 1 ; 1038 793 789
0.019500159970588186 0 ; 1080 791 790
0.050062070717908309 0 ; 1084 792 791
0.066536913840483089 0 ; 1245 794 792
0.067587149539246522 1 ; 1256 794 793
0.022689782693214266 0 ; 990 798 797
0.032352683012232028 1 ; 1247 800 799
0.057465571938838785 1 ; 1249 803 799
0.043129552223389135 1 ; 1332 802 800
0.048181916607896086 1 ; 1421 802 801
0.051347143593102863 1 ; 1422 803 801
0.020591340662560093 1 ; 877 805 804
0.022216002362048539 1 ; 878 806 804
0.037803749654341641 0 ; 1091 807 805
0.017087327930975799 0 ; 867 809 808
0.013103434040318057 0 ; 869 812 808
0.054593013970562106 0 ; 981 810 809
0.21376943341585955 1 ; 1145 811 810
0.065638522183832176 1 ; 1466 812 811
0.042997823858598246 1 ; 1065 814 813
0.02506351766700779 0 ; 1440 815 814
0.016450167115049354 0 ; 896 819 817
0.025108719203995954 0 ; 897 820 817
0.019536697503165581 0 ; 1411 820 818
0.016580590513611854 0 ; 867 822 821
0.013701907983000791 0 ; 868 825 821
0.029114049629764473 0 ; 980 823 822
0.030208783645109566 1 ; 983 824 823
0.012374885029360114 0 ; 1135 827 826
0.017358581452007638 0 ; 1136 828 826
0.060398090960883923 1 ; 1171 829 827
0.023018717622183511 1 ; 1308 829 828
0.027191178553714605 1 ; 1018 831 830
0.014505765185886791 1 ; 1020 832 830
0.03165340062763819 1 ; 939 839 835
0.011221041782580769 0 ; 1305 839 836
0.015968855350274466 0 ; 1356 838 837
0.039077648380764218 1 ; 871 842 840
0.039233864864458012 1 ; 1052 844 843
0.043967507768711042 1 ; 1054 845 843
0.046143940489376145 1 ; 1352 846 844
0.038085267003585603 1 ; 1363 847 845
0.031372610376333793 1 ; 1480 847 846
0.046801109671163979 1 ; 1183 849 848
0.061799396934127636 1 ; 1259 850 849
0.044003464736987949 1 ; 865 855 851
0.036857785209578581 1 ; 983 853 852
0.052662969218190282 1 ; 986 854 852
0.047868109590216472 1 ; 1258 855 854
0.01281776347576432 0 ; 924 857 856
0.0049887223717268369 1 ; 926 858 856
0.10486870488717165 1 ; 1181 862 859
0.081060596960708095 1 ; 1250 861 860
0.094526856783948066 1 ; 1328 863 861
0.088161541104208749 1 ; 1345 863 862
0.016756607709259092 1 ; 1060 866 864
0.014923111846406857 1 ; 1452 866 865
0.0099436104895218348 0 ; 1152 869 868
0.03801182749988772 1 ; 1362 871 870
0.015584330305166675 1 ; 884 873 872
0.016359150892519745 1 ; 885 874 872
0.014022342714804126 0 ; 1244 875 873
0.0034632610419529815 0 ; 1306 876 875
0.038094873038672449 1 ; 1015 880 879
0.014902555249897384 1 ; 1016 881 879
0.050675361031336595 1 ; 1239 883 880
0.060526635643729114 1 ; 1476 883 882
0.010891029539304126 1 ; 1283 888 887
0.0652710501710589 1 ; 969 891 889
0.065087137770866624 1 ; 970 893 889
0.067284320023990041 1 ; 1164 894 890
0.064037374571789901 1 ; 1187 892 891
0.05820018667086943 1 ; 1222 894 892
0.73404957555502703 1 ; 1322 900 899
19.625814009427458 1 ; 1335 901 900
0.022701177567853306 0 ; 1233 903 902
0.019082674971435055 1 ; 1347 906 903
0.058429001795481196 1 ; 1426 905 904
0.027533522261793526 1 ; 1438 906 905
0.093093336713722677 1 ; 1171 909 907
0.013324708832643939 0 ; 1173 912 907
0.10280074010353127 1 ; 1370 909 908
0.10423087702336055 1 ; 1371 910 908
0.017216027094628585 0 ; 1456 911 910
0.01821175964248202 0 ; 1459 912 911
0.014190855750869416 1 ; 1022 914 913
0.051574435976757711 1 ; 1023 918 915
0.057073383333708053 1 ; 1065 918 916
0.056600714352782966 1 ; 1066 919 916
0.033560915324095629 1 ; 1315 920 917
0.056018869747099964 1 ; 1446 920 919
0.026014856772316821 1 ; 1243 923 921
0.023123102295761203 0 ; 1278 923 922
0.034443657544693085 1 ; 1187 925 924
0.024184217986844732 1 ; 1224 927 925
0.013467484586594801 1 ; 1376 927 926
0.015196614305438217 1 ; 1138 929 928
0.015133583424326956 1 ; 1159 930 929
0.028689263111941039 1 ; 1309 931 930
0.051042165072332488 1 ; 1259 935 933
0.038646953297921914 1 ; 1311 935 934
0.018883921845116513 0 ; 1373 937 936
0.065481075854332674 1 ; 1399 940 938
0.04612008010238923 1 ; 1424 940 939
0.034781554347291667 0 ; 1215 943 941
0.01900357431686157 0 ; 1190 946 945
0.013910941918655559 0 ; 1096 951 947
0.015503465534207127 0 ; 1097 952 947
0.052453246288176943 1 ; 1221 949 948
0.021822748697885117 1 ; 1224 952 948
0.017116291546577848 1 ; 1293 950 949
0.011612647331296596 0 ; 1467 951 950
0.072426462835454383 0 ; 1313 955 954
0.012766284838143186 0 ; 1314 956 954
0.026165135714040458 1 ; 1391 958 957
0.027230419252323418 1 ; 1415 959 958
0.018867972923954427 1 ; 1464 960 959
0.0091420431661524675 0 ; 1277 962 961
0.016190198250198587 0 ; 1042 966 963
0.00857716285363159 0 ; 1043 967 963
0.017814332959291964 0 ; 1290 967 964
0.018501143556535607 0 ; 1383 966 965
0.024418076191587691 1 ; 1032 969 968
0.017336723325019419 1 ; 1396 971 970
0.012948793791191848 0 ; 1170 973 972
0.021029251038058399 0 ; 1417 975 974
0.015593282990998016 1 ; 1068 977 976
0.030058334931016298 0 ; 1069 978 976
0.010764964648533085 1 ; 1450 979 977
0.022223417496004323 0 ; 1470 979 978
0.014670079036721932 0 ; 985 982 980
0.037767323935783054 0 ; 1143 982 981
0.0215261717723454 0 ; 1143 985 984
0.02861620517143636 0 ; 1144 987 984
0.053818939959711841 1 ; 1257 987 986
0.011205001729915844 0 ; 1277 989 988
0.022621054631628279 0 ; 1278 990 988
0.0065909029852089986 0 ; 1063 993 991
0.026482983742230667 0 ; 1229 993 992
0.057199225735530948 1 ; 1230 994 992
0.045349213108407858 1 ; 1298 996 995
0.06425069778465145 1 ; 1385 998 996
0.021938169612045824 0 ; 1295 1000 999
0.030668461512196654 1 ; 1338 1001 1000
0.037074957697306211 1 ; 1108 1006 1002
0.048687467617225186 1 ; 1109 1008 1002
0.057453178524851406 1 ; 1258 1008 1003
0.013517173729210137 1 ; 1289 1007 1004
0.0071285995706816705 1 ; 1377 1007 1005
3.3913955083330158 1 ; 1335 1013 1012
0.63879903611256772 1 ; 1336 1014 1012
0.0080565408493285095 0 ; 1040 1019 1017
0.010750130947459847 1 ; 1041 1020 1017
0.045449148512151358 1 ; 1058 1021 1018
0.030544136855542105 0 ; 1102 1021 1019
0.027049547407299739 1 ; 1316 1024 1022
0.074955667167346793 1 ; 1250 1027 1026
0.062803823062972622 1 ; 1251 1029 1026
0.051053971973766786 1 ; 1327 1031 1027
0.11763142395057528 1 ; 1361 1031 1028
0.027433419457580394 1 ; 1434 1034 1033
0.0097345667629737623 0 ; 1435 1035 1033
0.014117433670387492 0 ; 1460 1036 1035
0.014824040252318281 1 ; 1044 1039 1037
0.013150705369249753 0 ; 1102 1042 1040
0.010384563441376053 1 ; 1120 1043 1041
0.011577782819033143 1 ; 1412 1045 1044
0.032184131042124677 1 ; 1246 1048 1047
0.032083250144319481 1 ; 1247 1049 1047
0.032703602611670199 1 ; 1282 1050 1048
0.076310709200406127 1 ; 1149 1053 1051
0.066595706429626506 1 ; 1150 1054 1051
0.055466254561628091 1 ; 1359 1056 1055
0.048612917287340858 1 ; 1360 1057 1055
0.024588692160162996 1 ; 1471 1060 1059
0.02729947039020466 1 ; 1127 1064 1062
0.022841432328440839 1 ; 1303 1064 1063
0.038382306985429923 1 ; 1425 1069 1067
0.10070647186849309 1 ; 1126 1071 1070
0.098831884752453594 1 ; 1222 1072 1071
0.017059292150326894 1 ; 1136 1075 1074
0.0085809800790818177 1 ; 1137 1077 1074
0.017892723869439797 0 ; 1086 1082 1080
0.031075256795273301 0 ; 1186 1083 1081
0.029406356106297004 0 ; 1244 1085 1084
0.020496634809493167 0 ; 1306 1086 1085
0.022072439449734218 1 ; 1182 1088 1087
0.022680669583522675 1 ; 1316 1095 1092
0.022257551203998371 1 ; 1317 1095 1093
0.019695850023369568 0 ; 1210 1100 1098
0.03741149390678563 0 ; 1212 1101 1098
0.019556527130143119 0 ; 1228 1100 1099
0.015995471826186918 0 ; 1232 1101 1099
0.019748659938990738 0 ; 1366 1104 1103
0.01919719852036824 0 ; 1353 1108 1107
0.037106368860608106 0 ; 1452 1110 1109
0.041794603653353593 1 ; 1197 1112 1111
0.030299856360533443 1 ; 1315 1115 1112
0.016914316462560003 1 ; 1319 1114 1113
0.012725100396160672 0 ; 1412 1118 1116
0.012709926947350805 0 ; 1433 1118 1117
0.0088981224489637582 1 ; 1349 1120 1119
0.068623835674189615 1 ; 1174 1122 1121
0.024610818031273247 0 ; 1167 1125 1123
0.0055781232082722726 0 ; 1463 1125 1124
0.10513330077358082 1 ; 1223 1128 1126
0.10547851762297579 1 ; 1371 1128 1127
0.0097523915618387795 0 ; 1428 1130 1129
0.01005924220313262 0 ; 1429 1131 1129
0.014971965547043289 1 ; 1343 1134 1132
0.0067973425353714612 1 ; 1437 1134 1133
0.012414384256424493 0 ; 1172 1137 1135
0.034032704507785831 0 ; 1158 1140 1138
3.9458709036270756 1 ; 1162 1141 1139
0.28296182431144179 1 ; 1163 1142 1139
3.9621984831428128 1 ; 1200 1141 1140
0.092720018114383296 1 ; 1185 1149 1146
0.066412115601050342 1 ; 1279 1148 1147
0.07056114224491572 1 ; 1342 1150 1148
0.043232020518391798 1 ; 1447 1155 1153
0.017402225799416433 0 ; 1201 1160 1158
0.017108497390592479 0 ; 1309 1160 1159
0.044789898500425154 1 ; 1340 1165 1161
0.067607415035507434 1 ; 1426 1165 1164
0.026416860139657286 0 ; 1413 1168 1166
0.013855062136656713 0 ; 1395 1170 1169
0.014144632391949201 0 ; 1478 1173 1172
0.10052239228356478 1 ; 1185 1175 1174
0.10113280289713387 1 ; 1357 1177 1175
0.10050791008847941 1 ; 1392 1178 1176
0.025228092635479555 0 ; 1240 1180 1179
0.017680167768351924 0 ; 1283 1189 1188
0.068785688561226896 1 ; 1284 1191 1188
0.021830623455723459 0 ; 1295 1190 1189
0.01333872252801817 0 ; 1273 1194 1192
0.013043028298995892 0 ; 1274 1195 1192
0.0051026872466271725 0 ; 1449 1196 1193
0.0050578014894697206 0 ; 1482 1196 1195
0.01937811699446423 0 ; 1455 1203 1201
0.14585414137579381 0 ; 1472 1204 1202
0.018039259538363082 0 ; 1475 1204 1203
0.012908880989324408 0 ; 1420 1209 1207
0.080693067716650399 1 ; 1423 1213 1211
0.056846356334015198 1 ; 1468 1213 1212
0.027853149963682641 0 ; 1321 1215 1214
0.010618696655445549 0 ; 1407 1219 1218
0.014892091366206468 0 ; 1413 1220 1219
0.064941419966528038 1 ; 1291 1223 1221
0.0046115803423440044 0 ; 1320 1226 1225
0.039987224228815378 1 ; 1264 1231 1228
0.028563559399011701 0 ; 1304 1232 1229
0.062414406119731487 1 ; 1401 1231 1230
0.026891514703290088 0 ; 1346 1234 1233
0.044890788186763619 1 ; 1239 1237 1235
0.02476424072410802 0 ; 1240 1238 1235
0.03649430842011632 1 ; 1404 1237 1236
0.014366500150211821 1 ; 1380 1243 1241
0.033987640402045639 1 ; 1281 1248 1246
0.02834877378651627 1 ; 1338 1254 1252
0.017840717100487704 1 ; 1348 1255 1253
0.0061270453012860493 1 ; 1377 1255 1254
0.012469586975702716 0 ; 1312 1261 1260
0.0060676584422132297 0 ; 1313 1262 1260
0.0071296091660985649 0 ; 1406 1263 1261
0.0047072654736350543 0 ; 1436 1263 1262
0.02039698425867275 0 ; 1448 1268 1266
0.026065293892681338 1 ; 1473 1268 1267
0.02328350239165768 0 ; 1374 1274 1271
0.02115092984395681 0 ; 1439 1273 1272
0.01176929033078836 1 ; 1450 1276 1275
0.032153577298683032 1 ; 1362 1282 1281
0.075480428118670242 1 ; 1379 1285 1284
0.028466720187152603 1 ; 1310 1287 1286
0.019199257140350267 1 ; 1348 1289 1288
0.018697155775144414 0 ; 1349 1290 1288
0.0057407553850350214 1 ; 1456 1292 1291
0.0066686630679259912 1 ; 1457 1293 1292
0.018241429145089239 0 ; 1321 1297 1296
0.042793902178709813 1 ; 1402 1300 1299
0.026093316425560238 1 ; 1465 1301 1300
0.018207107327189078 1 ; 1479 1302 1301
0.028989340516809695 1 ; 1372 1304 1303
0.028439477352391124 1 ; 1424 1308 1307
0.037047886591709579 1 ; 1384 1311 1310
0.019144549203744955 1 ; 1473 1318 1317
0.0037324825158636761 0 ; 1350 1320 1319
0.24191565108616508 1 ; 1333 1324 1322
0.0098701258724606927 0 ; 1407 1324 1323
0.092271479345222299 1 ; 1363 1329 1325
0.092369588870084618 1 ; 1364 1330 1325
0.074002406465138421 1 ; 1378 1327 1326
0.080914356815712976 1 ; 1379 1330 1326
0.089885425823437615 1 ; 1480 1329 1328
0.061286228742671471 1 ; 1401 1332 1331
0.059705022496722639 1 ; 1416 1336 1334
0.026632829093772552 1 ; 1438 1341 1340
0.090825686674590622 1 ; 1400 1345 1344
0.090874862076142218 1 ; 1400 1352 1351
0.019806460300218112 0 ; 1383 1354 1353
0.0088315273320217214 0 ; 1393 1356 1355
0.080937599893753681 1 ; 1423 1358 1357
0.067723695104688855 1 ; 1378 1361 1359
0.0066417278728461001 0 ; 1405 1367 1365
0.002619401526894828 0 ; 1406 1368 1365
0.0052467501739529195 0 ; 1436 1368 1366
0.018993859396158094 0 ; 1441 1375 1373
0.018793108177133692 0 ; 1482 1375 1374
0.010603425438881776 0 ; 1393 1382 1381
0.061277071818525222 1 ; 1410 1385 1384
0.047932155067023231 1 ; 1421 1387 1386
0.0062259412164038432 0 ; 1462 1389 1388
0.015359169128833013 0 ; 1479 1390 1389
0.087888459194146493 1 ; 1416 1392 1391
0.035662165111268365 1 ; 1404 1398 1396
0.057015732758744539 1 ; 1409 1398 1397
0.05481636766312848 1 ; 1476 1409 1408
0.013177958137693513 0 ; 1445 1420 1419
0.012911630083361188 0 ; 1439 1429 1427
0.02150778425862029 0 ; 1455 1431 1430
0.013134675072095666 0 ; 1449 1441 1440
0.039319299306628822 1 ; 1453 1444 1443
0.043069232747823573 1 ; 1454 1445 1443
0.018918032129461807 0 ; 1467 1458 1457
0.015603200587901593 0 ; 1465 1462 1461
0.015054264699638446 0 ; 1474 1464 1463
0.021825898149858244 0 ; 1477 1470 1469
# Boundary C_1 -> C_0
0.018786998405006035 1 ; 47 1
0.034048517111707796 1 ; 60 1
0.014973747426610893 0 ; 93 1
0.013392203542433897 0 ; 146 1
0.012607955744506082 0 ; 225 1
0.048677880980743569 1 ; 248 1
0.018176184403270429 0 ; 283 1
0.035879680932470993 0 ; 294 1
0.02523083790139 0 ; 397 1
0.042644037801633304 0 ; 463 1
0.012342063575989807 0 ; 497 1
0.050524505828134537 1 ; 22 2
0.034391045321239454 1 ; 23 2
0.036811053623140827 1 ; 26 2
0.050068286684523497 1 ; 85 2
0.02142528122434487 1 ; 151 2
0.021603386076136398 1 ; 179 2
0.022794675476816805 1 ; 351 2
0.0053826021522282658 1 ; 470 2
0.0093132358135687814 0 ; 12 3
0.0043333689138015134 0 ; 34 3
0.0038335733821457324 0 ; 50 3
0.0095720397602669614 0 ; 95 3
0.01693683519528616 0 ; 118 3
0.0194526224295806 0 ; 181 3
0.040056118158558307 0 ; 340 3
0.006415403952483207 0 ; 455 3
0.048777817733167486 1 ; 31 4
0.084862261101072603 1 ; 62 4
0.10472401511299763 1 ; 72 4
0.09397634397014612 1 ; 183 4
0.081755567307923424 1 ; 274 4
0.095791477211319961 1 ; 284 4
0.02428876868540681 1 ; 315 4
0.10888490539972304 1 ; 350 4
0.086947864619859427 1 ; 362 4
0.0370426671004985 1 ; 365 4
0.034440281027185951 1 ; 416 4
0.0076219446653656205 0 ; 9 5
0.0033456186453865956 0 ; 129 5
0.0036905367008905187 0 ; 153 5
0.011378110195622584 0 ; 178 5
0.0081895256579661586 0 ; 209 5
0.014125129456999194 1 ; 262 5
0.033081472318418265 0 ; 46 6
0.014879584000383243 0 ; 61 6
0.019823945408375562 0 ; 103 6
0.022237236982177083 0 ; 127 6
0.021583393398103886 1 ; 260 6
0.018589317078688737 0 ; 353 6
0.70073163116944037 1 ; 87 7
0.0031081850535473517 1 ; 104 7
0.068211606910349498 1 ; 120 7
10.482030586122921 1 ; 122 7
0.20643855481928008 1 ; 170 7
0.40417396196311622 1 ; 388 7
0.028962163285543838 1 ; 48 8
0.024845124202963111 1 ; 186 8
0.02281072024955479 1 ; 251 8
0.013655497395702302 1 ; 284 8
0.012067188129447142 1 ; 307 8
0.0069895103567504668 0 ; 55 9
0.0068851312550863653 0 ; 153 9
0.0054791148976533945 0 ; 209 9
0.019704802492721402 0 ; 289 9
0.032490259055217942 1 ; 368 9
0.037811335437767726 0 ; 39 10
0.0044563844371341499 0 ; 59 10
0.0051962529456309027 0 ; 110 10
0.012249053700381025 0 ; 197 10
0.010414159530112882 1 ; 242 10
0.01477552990643316 0 ; 96 11
0.013730444757943798 0 ; 117 11
0.03996341858052798 1 ; 260 11
0.01987965084712846 0 ; 291 11
0.0076165265240554225 0 ; 314 11
0.036363092887994226 0 ; 339 11
0.022467368070381171 1 ; 393 11
0.01654860430773725 0 ; 71 12
0.013686290727046163 0 ; 89 12
0.019154200228533525 0 ; 181 12
0.0224324090083424 0 ; 407 12
0.0018420340964004265 0 ; 455 12
0.023540435662842269 0 ; 459 12
0.021905446018258314 0 ; 175 13
0.013908385028853117 1 ; 193 13
0.020989167596953486 0 ; 305 13
0.03367685604996358 0 ; 318 13
0.022417840024859359 1 ; 349 13
0.019708340194201975 0 ; 390 13
0.023064895431117866 0 ; 428 13
0.023432829564407408 0 ; 480 13
0.0023860833920086033 0 ; 65 14
0.0043575397185468216 0 ; 209 14
0.007943640749749438 0 ; 347 14
0.0097356596400015333 1 ; 53 15
0.0051131516324614719 0 ; 258 15
0.012243522742613431 0 ; 361 15
0.010661047303960261 0 ; 445 15
0.010287267531300614 0 ; 78 16
0.018110762503096497 1 ; 97 16
0.0087188498839292153 0 ; 141 16
0.01556229864491143 0 ; 261 16
0.01861124202378004 0 ; 270 16
0.0083411290095974436 0 ; 409 16
0.012387637987628621 0 ; 418 16
0.011464915988065798 0 ; 109 17
0.015790713831992941 0 ; 176 17
0.019859866666313508 1 ; 256 17
0.013062367459056791 0 ; 272 17
0.014010082789795014 1 ; 337 17
0.02368787542782403 0 ; 160 18
0.023681146126052988 0 ; 172 18
0.048439042501866085 0 ; 295 18
0.048771613485613013 0 ; 312 18
0.0058396605044773913 0 ; 374 18
0.032683960550816751 1 ; 403 18
0.01464240896682101 0 ; 93 19
0.014368521252705697 0 ; 225 19
0.011028184942738963 0 ; 227 19
0.014424048201312769 0 ; 324 19
0.014365868802162715 0 ; 438 19
0.01002466337000092 0 ; 497 19
0.010228787431203879 0 ; 67 20
0.012617878480402656 0 ; 142 20
0.017869751562151457 0 ; 165 20
0.028894150950270207 1 ; 293 20
0.0098014481658459749 0 ; 476 20
0.0041478233885460306 0 ; 27 21
0.010531894955110544 0 ; 36 21
0.012774506727239834 0 ; 130 21
0.01016672234608744 1 ; 161 21
0.012579057914086653 1 ; 267 21
0.04516688171558577 1 ; 85 22
0.02141951106145332 1 ; 238 22
0.036060899408658247 1 ; 344 22
0.044949416926403113 1 ; 384 22
0.050728504678752277 1 ; 407 22
0.052970890120029028 1 ; 432 22
0.04894806126747462 1 ; 470 22
0.035301770895066788 1 ; 498 22
0.014577972121120259 0 ; 26 23
0.025291867685503507 1 ; 179 23
0.0059652886878963805 0 ; 279 23
0.011270862182050322 0 ; 379 23
0.016410263482853037 0 ; 116 24
0.012694253668558824 0 ; 127 24
0.0049537372703527417 0 ; 273 24
0.0094457136143114677 1 ; 286 24
0.0097995657470361704 0 ; 433 24
0.010323259486858029 0 ; 68 25
0.0081391626433034003 1 ; 304 25
0.010039845606694367 0 ; 369 25
0.019244999708918614 0 ; 463 25
0.0067589046702424584 0 ; 85 26
0.020138234687459941 0 ; 216 26
0.014172803766510806 0 ; 279 26
0.017157105039265805 0 ; 457 26
0.011134987821755838 0 ; 36 27
0.019905083322140332 0 ; 70 27
0.013193602327106596 1 ; 161 27
0.015450092933909514 1 ; 194 27
0.020408078925769981 0 ; 320 27
0.01610565682478337 0 ; 499 27
0.029365415953449981 1 ; 100 28
0.033641799063969087 0 ; 148 28
0.020370798939711558 0 ; 254 28
0.03247884833336679 1 ; 346 28
0.024019810282574813 0 ; 436 28
0.02061621351641529 0 ; 456 28
0.03017594947257142 1 ; 460 28
0.010805441306645399 1 ; 31 29
0.016304458087877092 1 ; 157 29
0.0083193003639845491 1 ; 206 29
0.027211778539585695 1 ; 417 29
0.0091857201168431529 1 ; 474 29
0.0085078469388921978 1 ; 479 29
0.025221455380699101 1 ; 226 30
0.013213410806948921 1 ; 263 30
0.016794775893244338 1 ; 281 30
0.07487678136583438 1 ; 492 30
0.0083655958921389096 0 ; 206 31
0.014228113572397465 0 ; 362 31
0.0075045702166208726 0 ; 365 31
0.013401499696441501 0 ; 479 31
0.0068506030613475688 0 ; 37 32
0.0093981415848633371 0 ; 67 32
0.012467803268737624 0 ; 113 32
0.012943357342862321 0 ; 165 32
0.018482935634368682 1 ; 187 32
0.0085061734739735571 0 ; 241 32
0.011515705288272688 1 ; 214 33
0.019319340618637184 1 ; 224 33
0.0011995279507762933 1 ; 322 33
0.0052739646080664122 1 ; 372 33
0.00057712699935811044 0 ; 50 34
0.013367828637301179 0 ; 89 34
0.01238975821530707 0 ; 95 34
0.014059557375826067 0 ; 452 34
0.0032585591918097446 0 ; 455 34
0.020019424891603868 0 ; 43 35
0.008181147353999392 0 ; 92 35
0.023265640727644352 0 ; 101 35
0.019486056075963421 1 ; 242 35
0.016221602732731551 0 ; 282 35
0.039568921787109301 1 ; 306 35
0.0089893637965524596 0 ; 70 36
0.0066234779378162864 1 ; 267 36
0.0012614791220611871 1 ; 414 36
0.0061737080202923155 0 ; 165 37
0.0067867574747877274 0 ; 241 37
0.0234821927934501 1 ; 448 37
0.25074805319997368 1 ; 164 38
0.019697188326893763 0 ; 314 38
0.0084038762397786529 1 ; 393 38
0.021774843539696932 1 ; 424 38
0.36129244966072083 0 ; 95 39
0.034033461187107525 0 ; 110 39
0.026140079444336838 0 ; 181 39
0.019554730201767474 0 ; 189 39
0.087872998280066339 0 ; 197 39
0.016943189015469182 0 ; 340 39
0.014710031942615892 0 ; 125 40
0.017740734770352179 0 ; 170 40
0.0070949652877916646 0 ; 369 40
0.009834714126031454 0 ; 483 40
0.0095692724228349443 1 ; 79 41
0.039053990316833889 1 ; 86 41
0.020816927817692385 1 ; 139 41
0.038854476372146604 1 ; 144 41
0.034460085604738844 1 ; 346 41
0.014744005367063601 1 ; 371 41
0.015425597610169267 0 ; 148 42
0.007223589065181237 0 ; 254 42
0.0065813458982987736 1 ; 366 42
0.0056932901952755129 0 ; 466 42
0.014274259713874349 0 ; 101 43
0.02504066420860921 0 ; 197 43
0.023766956883669053 1 ; 242 43
0.012913091752741725 0 ; 342 43
0.0099898264390852719 0 ; 387 43
0.0090433929464647182 1 ; 162 44
0.011568587532843247 1 ; 205 44
0.012249227120636379 1 ; 321 44
0.018967570533933335 1 ; 333 44
0.0021269793679677697 0 ; 96 45
0.028656642349261099 0 ; 115 45
0.0023298811220661955 0 ; 117 45
0.016992225504562593 0 ; 299 45
0.019881718937829179 1 ; 424 45
0.011899424570351742 0 ; 485 45
0.0066814080417096668 0 ; 61 46
0.032065161227713745 0 ; 103 46
0.033732113310654684 0 ; 115 46
0.032598415177314058 0 ; 116 46
0.033087124264873528 0 ; 127 46
0.032253214188552953 1 ; 286 46
0.024683678289439938 0 ; 425 46
0.020533903000303545 1 ; 60 47
0.0011094424180496515 1 ; 74 47
0.012423471441937256 1 ; 283 47
0.0074178152562431581 0 ; 81 48
0.023984849180949244 0 ; 251 48
0.039734968475475835 1 ; 307 48
0.04066850127764652 0 ; 378 48
0.00075191559380785112 0 ; 450 48
0.014427629813547041 0 ; 66 49
0.020564668926855562 0 ; 143 49
0.021857002473721819 1 ; 246 49
0.013270323133610618 0 ; 375 49
0.045017379816463116 1 ; 405 49
0.012683050482835381 0 ; 439 49
0.0071692575259191121 0 ; 95 50
0.013080665410641913 0 ; 105 51
0.0073636092299745595 0 ; 112 51
0.0079542329124494097 0 ; 294 51
0.025979870615706321 1 ; 77 52
0.0063720161246723795 1 ; 191 52
0.018760933258454432 1 ; 237 52
0.020878316725756633 1 ; 374 52
0.025083964760853294 1 ; 398 52
0.011644323526505745 1 ; 258 53
0.020430605166910521 1 ; 273 53
0.0070917372187139904 1 ; 433 53
0.01848144085136201 1 ; 445 53
0.034256885210283916 0 ; 58 54
0.067440895663742409 1 ; 240 54
0.008235979606355661 0 ; 355 54
0.084926483763901495 1 ; 396 54
0.0077222975500636669 0 ; 404 54
0.0059207523990689364 0 ; 153 55
0.013616866831181925 0 ; 178 55
0.032063207200758052 1 ; 240 55
0.025748362091204235 1 ; 368 55
0.07669026911225825 1 ; 133 56
0.031508070346168794 1 ; 239 56
0.024199742643462415 1 ; 354 56
0.08133659507787902 1 ; 357 56
0.085286588953614059 1 ; 381 56
0.075745000367890447 1 ; 461 56
0.042658413552917683 1 ; 195 57
0.061142167629378047 1 ; 276 57
0.052190717815745198 1 ; 380 57
0.050886960196238826 1 ; 388 57
0.013617286652154226 0 ; 75 58
0.013639890246857038 0 ; 138 58
0.0224464616427375 0 ; 355 58
0.11423264930518608 1 ; 396 58
0.015333306919828295 1 ; 448 58
0.0068152338805290815 0 ; 110 59
0.0064791010156296939 1 ; 242 59
0.0028839261561311993 0 ; 282 59
0.020608954305770224 1 ; 74 60
0.052736328093009863 1 ; 79 60
0.036050329878767676 1 ; 248 60
0.02754244807145494 1 ; 460 60
0.015896275576192918 0 ; 103 61
0.082167125465239646 1 ; 183 62
0.038976682188325645 1 ; 274 62
0.049442412139029876 1 ; 389 62
0.0075791164202264451 1 ; 482 62
0.01076712304448456 0 ; 154 63
0.015646077906502753 1 ; 244 63
0.0042850039561328282 0 ; 411 63
0.013535354424718425 1 ; 420 63
0.0056129329649754738 0 ; 437 63
0.017809181388571901 0 ; 234 64
0.0050164375041442276 1 ; 236 64
0.05323410230881874 1 ; 309 64
0.012482846013975965 0 ; 418 64
0.0055043592493118944 0 ; 484 64
0.008007255943701462 0 ; 129 65
0.0074244198829570181 0 ; 209 65
0.020280683090117432 0 ; 308 65
0.011309545216894399 0 ; 347 65
0.014808282243045473 0 ; 352 65
0.015587443934291631 1 ; 246 66
0.0065758990453390594 0 ; 439 66
0.0049097193491895756 0 ; 441 66
0.008719470027208626 0 ; 113 67
0.016644362472560993 0 ; 165 67
0.00428501971655977 0 ; 476 67
0.020797571936381161 0 ; 73 68
0.022009116562529896 0 ; 105 68
0.0033833801105877695 0 ; 125 68
0.012015712119386221 0 ; 369 68
0.020465165299361886 0 ; 463 68
0.0036361061119201854 0 ; 221 69
0.0063536564517735405 0 ; 243 69
0.01692481131457935 1 ; 246 69
0.012401526809796995 0 ; 265 69
0.052872648352253422 1 ; 384 69
0.020848249274727157 0 ; 441 69
0.019244443035724288 1 ; 194 70
0.0067436010510867686 0 ; 196 70
0.0085195947317754043 1 ; 414 70
0.0087269209540607826 0 ; 428 70
0.0055869461000796093 0 ; 480 70
0.010549244999777834 0 ; 181 71
0.017782706219776241 0 ; 407 71
0.028832396740640278 1 ; 498 71
0.061936609370939096 1 ; 137 72
0.034898706886063592 1 ; 183 72
0.058157703852701206 1 ; 207 72
0.058511499852542261 1 ; 285 72
0.035653242885012648 1 ; 350 72
0.053911999681235584 1 ; 381 72
0.13382570698382451 1 ; 104 73
0.015991868498882664 0 ; 105 73
0.017488362388728244 0 ; 112 73
0.020995278116049745 0 ; 125 73
0.079680010802473278 0 ; 170 73
0.069752500209337889 1 ; 431 73
0.032787629958138921 1 ; 123 74
0.012759411761978246 1 ; 283 74
0.033261915657023876 1 ; 460 74
0.027778624913600492 1 ; 490 74
0.0067889583788306096 0 ; 135 75
0.0069259537519769576 0 ; 138 75
0.013039179693165056 0 ; 259 75
0.013062322478135326 0 ; 355 75
0.0040875752208357754 0 ; 216 76
0.14028886090865916 1 ; 276 76
0.046338893243653631 1 ; 348 76
0.023885465910458585 0 ; 379 76
0.018880528088235302 0 ; 382 76
0.011434481905410633 0 ; 395 76
0.01314460234130003 0 ; 99 77
0.038729173116644582 1 ; 191 77
0.01525576972361768 0 ; 237 77
0.060185959344230509 0 ; 252 77
0.10249920163515076 1 ; 281 77
0.0061137151039768571 0 ; 376 77
0.10364928913174704 0 ; 400 77
0.0047579294283773841 0 ; 409 78
0.00204796521922355 0 ; 418 78
0.0073130760697273133 0 ; 484 78
0.054659746870825365 1 ; 248 79
0.035138306236439619 1 ; 346 79
0.011493114043611988 1 ; 371 79
0.05450175461710105 1 ; 460 79
0.013658464915617277 1 ; 204 80
0.013333359302641696 0 ; 269 80
0.014308193208792687 0 ; 395 80
0.01121983573831789 0 ; 457 80
0.0066388040417188028 0 ; 90 81
0.010182751813900191 0 ; 200 81
0.015288010706018547 0 ; 253 81
0.012536166187132923 0 ; 336 81
0.027228860771688693 0 ; 378 81
0.0076579196429432082 0 ; 450 81
0.069644541478168218 1 ; 222 82
0.0096012373171059425 0 ; 296 82
0.023133886021549928 0 ; 326 82
0.012054410606900176 0 ; 341 82
0.026533731167211597 0 ; 427 82
0.013384729656833438 1 ; 271 83
0.02904559810380794 1 ; 287 83
0.023843370807756101 1 ; 318 83
0.018570809284588131 1 ; 488 83
0.0082931113189758168 0 ; 174 84
0.004028609318567627 0 ; 266 84
0.0086865909044304534 0 ; 290 84
0.0083173191050416786 0 ; 422 84
0.0066709422510730356 0 ; 451 84
0.0068890566486102542 0 ; 486 84
0.025832984370926498 1 ; 204 85
0.051554497119594811 0 ; 432 85
0.013916467068301863 0 ; 457 85
0.017501540041606894 0 ; 134 86
0.033768807912589405 1 ; 139 86
0.015287593685858343 1 ; 144 86
0.017579216747003662 0 ; 180 86
0.01750336900706476 0 ; 329 86
0.011189048116387532 0 ; 356 86
0.017531908404118661 0 ; 377 86
2.1160411400051942 1 ; 122 87
0.01596054765950846 0 ; 170 87
0.01138561723179613 0 ; 220 87
0.082354010153514359 1 ; 222 87
0.01804537853846104 0 ; 427 87
0.037598117029545373 1 ; 166 88
0.0098450170406730094 1 ; 201 88
0.027206476191417889 1 ; 229 88
0.002794146916546681 1 ; 453 88
0.0056328298145607841 0 ; 452 89
0.012917987294140664 0 ; 455 89
0.015609105049320735 0 ; 459 89
0.01438717219944614 0 ; 475 89
0.012536810520988317 0 ; 169 90
0.0072455931750464728 0 ; 200 90
0.020289121882021591 0 ; 251 90
0.0052366136487951437 0 ; 450 90
0.019207049465496541 0 ; 474 90
0.0045206019678621133 0 ; 111 91
0.0014831358224700493 0 ; 230 91
0.0076043632724866004 0 ; 285 91
0.018474812359298737 0 ; 110 92
0.013845892753840334 0 ; 282 92
0.038335739126421124 1 ; 306 92
0.018915821490199481 1 ; 359 92
0.008608259144698328 0 ; 397 93
0.014169977793662334 0 ; 419 93
0.018048760405345601 0 ; 438 93
0.011708795193615514 0 ; 497 93
0.026306393518353673 0 ; 128 94
0.021576669914969961 0 ; 154 94
0.015723156730152742 0 ; 211 94
0.086420721209052642 1 ; 274 94
0.045647276668061683 0 ; 416 94
0.016249309311852297 0 ; 437 94
0.018963152311905054 0 ; 493 94
0.045255984449297022 0 ; 340 95
0.011325421510571799 0 ; 452 95
0.0018878708426711365 0 ; 117 96
0.016951985687774764 0 ; 299 96
0.024640310155689314 0 ; 339 96
0.019008356704956868 1 ; 141 97
0.051290600383150572 1 ; 159 97
0.076228022658209715 1 ; 226 97
0.011546098504310738 1 ; 261 97
0.03289607919394167 1 ; 391 97
0.62436335432212298 1 ; 442 97
0.019777557865422898 0 ; 111 98
0.031163450983018585 1 ; 139 98
0.035809536918249979 1 ; 205 98
0.011543742652507518 0 ; 230 98
0.031734623123311878 0 ; 285 98
0.0022336734691439735 0 ; 310 98
0.0094763244664855181 0 ; 114 99
0.00716650720873488 1 ; 212 99
0.0087508411449972109 0 ; 237 99
0.016134207306064997 0 ; 376 99
0.015145721137723887 1 ; 247 100
0.020239259709450473 1 ; 346 100
0.025007978594596143 1 ; 436 100
0.01231706568884079 1 ; 465 100
0.013025304095206193 1 ; 491 100
0.039819962997383038 0 ; 277 101
0.0051359196205304717 0 ; 297 101
0.046939416048890299 1 ; 306 101
0.013220336428494859 0 ; 387 101
0.03994316715935662 0 ; 454 101
0.020213470835508219 0 ; 478 101
0.0415580045273274 0 ; 494 101
0.0033174917668220812 1 ; 179 102
0.026882429238492038 1 ; 348 102
0.0053743651196843994 0 ; 351 102
0.022133201669884407 0 ; 379 102
0.0061492387370656772 1 ; 495 102
0.015387110660736418 0 ; 115 103
0.012216494444361729 0 ; 299 103
0.012186443705495067 0 ; 353 103
0.011349864256790892 0 ; 413 103
0.013294038079707861 0 ; 485 103
0.042129115420010556 1 ; 120 104
0.20520106118172277 1 ; 170 104
0.04195668593271043 1 ; 431 104
0.017256930612718966 0 ; 112 105
0.02429877579078386 0 ; 294 105
0.013666451083169658 0 ; 463 105
0.039367917932797376 1 ; 196 106
0.035643362115150165 1 ; 223 106
0.035432472070198916 1 ; 224 106
0.032193039486853994 1 ; 309 106
0.033364017692290332 1 ; 367 106
0.045203839955338374 1 ; 390 106
0.036001127760655866 1 ; 496 106
0.01821602378159394 0 ; 136 107
0.0078554043513782128 0 ; 159 107
0.010785381879886754 0 ; 234 107
0.017527332678153363 0 ; 391 107
0.0081552006850412837 0 ; 145 108
0.01037005351649764 0 ; 166 108
0.01340440017923562 0 ; 316 108
0.0092721688498785537 0 ; 464 108
0.0030071194494038921 0 ; 489 108
0.015277094379926413 0 ; 113 109
0.038934715543432058 1 ; 184 109
0.034729512507892801 1 ; 187 109
0.02726088581804486 1 ; 256 109
0.0046291389791185177 1 ; 337 109
0.020019511966472298 0 ; 189 110
0.0074901953220773759 0 ; 282 110
0.027613001880071587 1 ; 359 110
0.027502855735841044 1 ; 139 111
0.0071586028124643883 0 ; 230 111
0.010662342693434345 0 ; 285 111
0.022317827071576465 0 ; 370 111
0.025163828822061904 0 ; 377 111
0.016938519085997184 0 ; 294 112
0.042831409581913456 1 ; 431 112
0.023045460104892213 0 ; 469 112
0.014188851021366841 0 ; 142 113
0.019787392789890307 1 ; 187 113
0.014997831766367492 1 ; 337 113
0.0087927218816264245 0 ; 476 113
0.0044040829363627297 1 ; 212 114
0.014141676090700304 0 ; 237 114
0.021250244627719145 0 ; 398 114
0.011321935516747254 0 ; 494 114
0.029069875510480552 1 ; 424 115
0.14120830366801337 0 ; 425 115
0.0092644063343670004 0 ; 485 115
0.045623253051597805 0 ; 258 116
0.0029085039899209809 1 ; 286 116
0.022658678095861109 0 ; 425 116
0.017330416982854788 0 ; 433 116
0.011975267378832625 0 ; 314 117
0.016715439522645842 1 ; 424 117
0.012118087681147693 0 ; 181 118
0.0029437512506940624 0 ; 340 118
0.012402462568632566 0 ; 291 119
0.019890682915582797 1 ; 393 119
0.075413290488091284 1 ; 402 119
0.012713934076880887 0 ; 447 119
0.056923780105247929 1 ; 192 120
0.045964489342949846 1 ; 324 120
0.12020597975498565 1 ; 388 120
0.030930466748906312 1 ; 431 120
0.047557994954918928 1 ; 438 120
0.089675122649305564 1 ; 462 120
0.041225201845395854 1 ; 140 121
0.038134984886799471 1 ; 202 121
0.061055959276452049 1 ; 208 121
0.0078584223278322322 1 ; 248 121
0.02915628181152977 1 ; 304 121
0.044982327256454721 1 ; 371 121
0.03179896843891012 1 ; 463 121
0.13562190612970232 1 ; 211 122
0.070953725590454569 1 ; 222 122
0.34490868196945029 1 ; 258 122
0.023785884156189565 1 ; 274 122
0.16661812309625421 1 ; 412 122
1.0452921171067939 1 ; 425 122
0.047351039437935449 1 ; 482 122
0.021197968266796405 0 ; 132 123
0.021033448698862693 0 ; 148 123
0.023753093674393221 0 ; 232 123
0.021550315723244708 0 ; 302 123
0.026359954373541012 1 ; 460 123
0.016612154346251285 0 ; 490 123
1.053511771925999 1 ; 164 124
0.012650286992481219 1 ; 293 124
0.42378016010903985 1 ; 396 124
0.03059400792183015 1 ; 442 124
0.15345966773664607 1 ; 448 124
0.079443192899916415 0 ; 170 125
0.01120642572667779 0 ; 369 125
0.0041911548782685073 1 ; 190 126
0.017308659071292223 1 ; 249 126
0.015432928742488521 1 ; 318 126
0.0019603808244199497 1 ; 410 126
0.015248015346166576 1 ; 488 126
0.039010122938682786 1 ; 260 127
0.012992098600139473 0 ; 273 127
0.01556391022384033 1 ; 286 127
0.051915337376148743 1 ; 420 127
0.044664437765643411 1 ; 434 127
0.017434094311832782 0 ; 154 128
0.0052784578789895993 0 ; 406 128
0.0067301570498850168 0 ; 416 128
0.013527908176927766 0 ; 451 128
0.0079075483167793618 0 ; 209 129
0.013824526214914267 1 ; 262 129
0.010154900207685507 0 ; 352 129
0.019367890487196216 1 ; 161 130
0.0057859814209488096 1 ; 267 130
0.008548890970707582 1 ; 349 130
0.0090743941799217385 0 ; 140 131
0.011347569127946799 0 ; 202 131
0.0059526245439441173 0 ; 213 131
0.014335707479058702 0 ; 296 131
0.011759513776862499 0 ; 317 131
0.0051584702619534703 0 ; 408 131
0.014411890710113369 0 ; 427 131
0.0084842775392109503 1 ; 215 132
0.0092442526576675763 0 ; 232 132
0.020509564347051819 0 ; 302 132
0.010515707981451686 0 ; 385 132
0.061485747410188134 1 ; 364 133
0.092524879844024646 1 ; 381 133
0.08343125961017489 1 ; 426 133
0.061637092354425549 1 ; 446 133
0.016972097741659024 1 ; 461 133
0.010574232132873626 1 ; 144 134
0.018077685616308622 1 ; 247 134
0.010153073414823422 0 ; 329 134
0.014766248383517207 0 ; 331 134
0.012275534371590215 0 ; 401 134
0.0091931603330610515 0 ; 138 135
0.003658048278341174 0 ; 259 135
0.019862476880259754 0 ; 449 135
0.014156600169982441 0 ; 159 136
0.01706026962081782 0 ; 168 136
0.029278501285613011 0 ; 234 136
0.036633726408030351 0 ; 249 136
0.06263967254306374 1 ; 263 136
0.04046633096577499 0 ; 287 136
0.02209181697459316 0 ; 180 137
0.015779434696996893 1 ; 207 137
0.037730745520259054 0 ; 285 137
0.011656000436076874 0 ; 370 137
0.0086965102704386083 0 ; 383 137
0.018556295436554012 1 ; 448 138
0.016232317973510789 0 ; 449 138
0.044965557768522492 1 ; 162 139
0.038902612617056104 1 ; 205 139
0.030004941034950994 1 ; 371 139
0.035929830097861624 1 ; 377 139
0.0073929724134901252 0 ; 202 140
0.039016229566095503 0 ; 208 140
0.020512589761629986 0 ; 296 140
0.0080686921580656427 0 ; 408 140
0.012644486931027064 0 ; 270 141
0.4765850473487131 1 ; 442 141
0.034261060443653013 0 ; 272 142
0.04118400658406584 1 ; 293 142
0.011895838575772482 1 ; 337 142
0.061629700854589249 1 ; 442 142
0.045276113063116283 0 ; 443 142
0.007552509422802306 0 ; 476 142
0.023983234933943838 0 ; 198 143
0.0095165983316196981 0 ; 301 143
0.015093961138351776 0 ; 375 143
0.047531782349273202 1 ; 405 143
0.018725984120090262 0 ; 471 143
0.020452814676755283 1 ; 247 144
0.021613052679361922 1 ; 346 144
0.012990352855940763 0 ; 166 145
0.01874447074194285 0 ; 291 145
0.019335251271272159 0 ; 447 145
0.0043868213950409261 0 ; 464 145
0.0056328057102208407 0 ; 225 146
0.020852806116178905 0 ; 227 146
0.0059433973512852123 0 ; 283 146
0.018865966765809414 0 ; 303 146
0.0078708032767484653 0 ; 150 147
0.0089106087261434513 0 ; 208 147
0.015661797665177262 0 ; 321 147
0.0075692959510951976 0 ; 363 147
0.0095813541872478477 0 ; 185 148
0.019184205388430985 0 ; 232 148
0.019546968130682883 0 ; 254 148
0.018277967136799071 0 ; 288 148
0.014140602754848582 1 ; 366 148
0.028983698296149434 1 ; 460 148
0.012337118592991306 0 ; 253 149
0.0074674212897191741 0 ; 338 149
0.0045117410468542779 0 ; 378 149
0.013535193015421361 0 ; 421 149
0.01250875316103385 0 ; 467 149
0.016524524317811002 0 ; 321 150
0.018685041232144779 0 ; 326 150
0.013531917704134306 0 ; 363 150
0.0081261411324207063 0 ; 373 150
0.003340572658660087 1 ; 327 151
0.027224971078448373 0 ; 351 151
0.023959698258961375 1 ; 384 151
0.017472118915708719 1 ; 470 151
0.0084164795306804902 0 ; 471 151
0.0055037536468993814 0 ; 233 152
0.012318399849981114 0 ; 334 152
0.010865577914148598 0 ; 386 152
0.03184660719725968 1 ; 420 152
0.011761239760809217 0 ; 445 152
0.0054611570092027535 0 ; 493 152
0.009933059882500565 0 ; 178 153
0.017510158599283714 0 ; 174 154
0.010103233763331731 1 ; 244 154
0.016243421888549023 0 ; 437 154
0.017948522446663482 0 ; 451 154
0.026520930361592237 0 ; 156 155
0.087041781391007711 1 ; 231 155
0.015856667265765366 0 ; 245 155
0.024016676663926661 0 ; 313 155
0.022190839243894603 0 ; 316 155
0.019781492167859526 1 ; 402 155
0.027978772101042854 0 ; 421 155
0.01984925279268205 1 ; 423 155
0.04651400149607262 1 ; 231 156
0.021529711795648481 0 ; 378 156
0.010937330828067632 0 ; 421 156
0.0028795783248522972 0 ; 169 157
0.0093709757619118376 0 ; 200 157
0.013054297497024483 1 ; 229 157
0.029122818881157881 0 ; 417 157
0.0080386632859124479 0 ; 474 157
0.012787233447058078 0 ; 251 158
0.0067468003279746482 0 ; 362 158
0.0083086943166212433 0 ; 474 158
0.0019977981734222387 0 ; 479 158
0.070499136296604509 1 ; 226 159
0.058573274070001166 1 ; 263 159
0.032630987813837609 0 ; 391 159
0.01429003407974026 0 ; 172 160
0.049998465297012927 0 ; 295 160
0.014420638731590905 0 ; 400 160
0.055558477205896961 1 ; 349 161
0.058171924223886583 1 ; 360 161
0.00039489208354497057 1 ; 499 161
0.029124435089926921 1 ; 205 162
0.018706630880709601 0 ; 208 162
0.0072818762237727526 0 ; 321 162
0.051109650262079719 1 ; 371 162
0.002553890177446744 1 ; 194 163
0.015595458260136719 0 ; 196 163
0.01366530502550407 0 ; 223 163
0.0074945101412787077 0 ; 325 163
0.11975456454163073 1 ; 231 164
0.035772343800176035 1 ; 358 164
0.20963252407049687 1 ; 393 164
0.034135588523712172 1 ; 396 164
0.11318912254251717 1 ; 402 164
0.045320579318995309 1 ; 293 165
0.024222172957276442 1 ; 448 165
0.037133102206983674 1 ; 201 166
0.033337597546471011 0 ; 291 166
0.026601675335990404 0 ; 313 166
0.016354540170206645 0 ; 316 166
0.030504597822007901 1 ; 335 166
0.037338134248878697 1 ; 453 166
0.017071529714061978 0 ; 264 167
0.028013726584179031 0 ; 277 167
0.047280476020381913 1 ; 345 167
0.1967621009306286 0 ; 392 167
0.028084601096627023 0 ; 394 167
0.017993616653546856 0 ; 440 167
0.033548670715730547 0 ; 234 168
0.019500159970588186 0 ; 249 168
0.013694513347230574 0 ; 250 168
0.050062070717908309 0 ; 305 168
0.064707238373119078 1 ; 309 168
0.066536913840483089 0 ; 390 168
0.0086971343785097414 0 ; 200 169
0.0061366587749656504 0 ; 474 169
0.018236191652491868 0 ; 220 170
0.018834812029782537 0 ; 483 170
0.029869461606834811 1 ; 306 171
0.020221819347942108 1 ; 344 171
0.033244519820974837 1 ; 398 171
0.040468784832456396 1 ; 403 171
0.051347143593102863 1 ; 494 171
0.020591340662560093 1 ; 191 172
0.0029522118673245799 0 ; 252 172
0.022088334135184316 0 ; 374 172
0.021737840154415926 0 ; 400 172
0.0093130167633617127 0 ; 188 173
0.016605264807465471 0 ; 218 173
0.054593013970562106 0 ; 270 173
0.065638522183832176 1 ; 442 173
0.013103434040318057 0 ; 443 173
0.013546420180438763 1 ; 244 174
0.02506351766700779 0 ; 417 174
0.013067893222083436 0 ; 422 174
0.0057413844034698899 0 ; 451 174
0.016450167115049354 0 ; 196 175
0.019536697503165581 0 ; 390 175
0.012277824265262124 0 ; 480 175
0.0029212237745048779 0 ; 496 175
0.0040716357024238132 0 ; 188 176
0.014670804896611786 0 ; 218 176
0.029114049629764473 0 ; 219 176
0.023798359102289227 1 ; 256 176
0.013701907983000791 0 ; 272 176
0.0091843958406434677 0 ; 268 177
0.0075765701931547486 0 ; 280 177
0.017358581452007638 0 ; 331 177
0.020876396735843114 1 ; 426 177
0.014505765185886791 0 ; 228 178
0.024227421340777742 1 ; 240 178
0.0097436976326495759 1 ; 262 178
0.0055263155872483111 1 ; 351 179
0.022869468670068407 1 ; 379 179
0.024345534119721179 1 ; 207 180
0.0034605463869103043 0 ; 329 180
0.015968855350274466 0 ; 356 180
0.013986932889701991 0 ; 383 180
0.011221041782580769 0 ; 401 180
0.026310278633873196 0 ; 189 181
0.017630885724015544 0 ; 340 181
0.03822965920119023 1 ; 498 181
0.03923065112572971 1 ; 239 182
0.0096740051227992199 1 ; 354 182
0.038085267003585603 1 ; 360 182
0.031372610376333793 1 ; 473 182
0.017365320930548146 1 ; 477 182
0.041295055944965006 1 ; 285 183
0.046801109671163979 1 ; 310 183
0.061640211012074939 1 ; 389 183
0.040649405147883094 1 ; 187 184
0.036857785209578581 1 ; 219 184
0.0090195222520772795 1 ; 256 184
0.019060777493139312 1 ; 309 184
0.044003464736987949 1 ; 429 184
0.0035397253988918502 0 ; 203 185
0.01281622462947315 0 ; 288 185
0.0047265016398742622 1 ; 366 185
0.030289569746200628 1 ; 284 186
0.023849424546531401 1 ; 307 186
0.081060596960708095 1 ; 343 186
0.067803324475542021 1 ; 350 186
0.084562991463694587 1 ; 473 186
0.015287970393600062 1 ; 241 187
0.0033569492985592261 1 ; 429 187
0.014923111846406857 1 ; 449 187
0.016580590513611854 0 ; 218 188
0.0099436104895218348 0 ; 272 188
0.0091546915340915604 0 ; 443 188
0.023179692199455381 1 ; 359 189
0.03801182749988772 1 ; 498 189
0.011279021613786615 1 ; 193 190
0.012967232247021777 0 ; 305 190
0.016118300842161145 0 ; 318 190
0.002208472713493238 0 ; 330 190
0.0034632610419529815 0 ; 410 190
0.0078815402449386972 1 ; 252 191
0.020577866410670644 1 ; 374 191
0.011278046468129521 1 ; 227 192
0.038094873038672449 1 ; 303 192
0.0087449474462560628 1 ; 324 192
0.060526635643729114 1 ; 462 192
0.05043004910502575 1 ; 472 192
0.015204483082917556 1 ; 305 193
0.013643443501241779 1 ; 318 193
0.017029558936881267 1 ; 196 194
0.010891029539304126 1 ; 320 194
0.0077914757408163258 1 ; 325 194
0.065087137770866624 1 ; 215 195
0.062100541670773016 1 ; 276 195
0.064037374571789901 1 ; 288 195
0.054297576027522589 1 ; 298 195
0.063101016494121545 1 ; 380 195
0.023974917657559533 1 ; 405 195
0.022964113282735642 0 ; 223 196
0.011301364927923451 0 ; 480 196
0.025108719203995954 0 ; 496 196
0.0050927922952962966 1 ; 242 197
0.069934650015150715 0 ; 342 197
0.73404957555502703 1 ; 345 197
19.625814009427458 1 ; 442 197
0.0032559212982242801 0 ; 301 198
0.019082674971435055 0 ; 351 198
0.055661305682547395 1 ; 405 198
0.027219303605819534 0 ; 415 198
0.017989370328600981 1 ; 495 198
0.013290237298562156 0 ; 280 199
0.10168633563493649 1 ; 364 199
0.093093336713722677 1 ; 426 199
0.017083024668801211 0 ; 435 199
0.017102565468024772 0 ; 436 199
0.0057519177824497938 0 ; 491 199
0.0082619899979918289 1 ; 229 200
0.014190855750869416 0 ; 336 200
0.038199685664475451 1 ; 229 201
0.056597021417135865 1 ; 244 201
0.033560915324095629 1 ; 335 201
0.051574435976757711 1 ; 417 201
0.056018869747099964 1 ; 420 201
0.025308232338355531 1 ; 434 201
0.025971196306765684 1 ; 304 202
0.010346953618065879 0 ; 317 202
0.02265321828196706 0 ; 483 202
0.012372679511089725 0 ; 288 203
0.024184217986844732 1 ; 298 203
0.0044630800457509702 1 ; 366 203
0.013467484586594801 0 ; 466 203
0.01389899649591018 1 ; 269 204
0.015133583424326956 1 ; 275 204
0.0086960105462371116 1 ; 332 204
0.028689263111941039 1 ; 432 204
0.017396586310524445 1 ; 457 204
0.020789453257493668 1 ; 310 205
0.022770558738938098 1 ; 333 205
0.038646953297921914 1 ; 389 205
0.0070608424624752095 0 ; 365 206
0.016524082140093075 0 ; 417 206
0.043449753545139011 1 ; 381 207
0.03165340062763819 1 ; 401 207
0.04612008010238923 1 ; 426 207
0.034781554347291667 0 ; 296 208
0.016179662947237702 0 ; 321 208
0.011749796428645095 0 ; 363 208
0.053399864247483345 1 ; 371 208
0.01900357431686157 0 ; 289 209
0.011139461806774078 0 ; 347 209
0.013900646310502873 0 ; 254 210
0.021629037650117689 1 ; 298 210
0.017116291546577848 1 ; 323 210
0.011612647331296596 0 ; 444 210
0.0071032632746071481 0 ; 456 210
0.014547894736498746 0 ; 466 210
0.10620467862398546 1 ; 274 211
0.01055555061307744 0 ; 334 211
0.072426462835454383 0 ; 412 211
0.010632057044945364 0 ; 493 211
0.024510628870553292 1 ; 376 212
0.026165135714040458 1 ; 394 212
0.018867972923954427 1 ; 440 212
0.011105647820595258 1 ; 494 212
0.0036186874783111817 0 ; 317 213
0.0073353700784890008 0 ; 427 213
0.0049589133798138719 0 ; 235 214
0.011264104518223296 0 ; 322 214
0.012551490613680497 0 ; 372 214
0.016190198250198587 0 ; 404 214
0.0076843666979203888 0 ; 458 214
0.013371676092613711 1 ; 232 215
0.024418076191587691 1 ; 288 215
0.014440572426189157 1 ; 380 215
0.011097131055706928 1 ; 385 215
0.012948793791191848 0 ; 279 216
0.0030796203488376197 0 ; 382 216
0.013765809301056132 0 ; 395 216
0.021029251038058399 0 ; 457 216
0.0080906931729585602 0 ; 245 217
0.0069215362073613302 1 ; 423 217
0.022223417496004323 0 ; 447 217
0.0098962064097801554 0 ; 489 217
0.014670079036721932 0 ; 219 218
0.037767323935783054 0 ; 270 218
0.0092218737442253292 0 ; 278 218
0.028917567648772027 1 ; 256 219
0.0215261717723454 0 ; 270 219
0.007026191335551788 0 ; 278 219
0.052662969218190282 1 ; 309 219
0.027504940523915208 0 ; 418 219
0.010702737891365423 0 ; 317 220
0.0091409892440503966 0 ; 427 220
0.021375641411896039 0 ; 483 220
0.0061346028256501319 0 ; 243 221
0.026286724668073354 0 ; 300 221
0.0061915099426532554 0 ; 328 221
0.053696202524404969 1 ; 384 221
0.037286934409935434 1 ; 326 222
0.045349213108407858 1 ; 373 222
0.078600742960965239 1 ; 427 222
0.058344063938911166 1 ; 482 222
0.012788684465080283 0 ; 325 223
0.019207923322677484 0 ; 347 223
0.030356140373140692 1 ; 367 223
0.037074957697306211 1 ; 259 224
0.055228322238295005 1 ; 309 224
0.013517173729210137 1 ; 322 224
0.0071012556132918772 1 ; 367 224
0.036510702613471509 1 ; 372 224
0.0043108140306243542 1 ; 399 224
0.048687467617225186 1 ; 429 224
0.016426486190398853 0 ; 227 225
0.0047414727441505277 0 ; 497 225
0.022592496051877766 1 ; 263 226
0.63879903611256772 1 ; 345 226
0.75278752379311997 1 ; 442 226
0.086127822651702296 1 ; 492 226
0.019072150239325278 0 ; 303 227
0.014902555249897384 0 ; 324 227
0.0080565408493285095 0 ; 235 228
0.027097077006688196 1 ; 240 228
0.0056490164175615519 0 ; 257 228
0.009033922976295362 1 ; 262 228
0.030544136855542105 0 ; 404 228
0.010160352099148274 1 ; 336 229
0.041712106509336093 1 ; 417 229
0.027049547407299739 1 ; 453 229
0.0099646865988450625 0 ; 285 230
0.053871640434944974 1 ; 307 231
0.049041385508056957 1 ; 343 231
0.11763142395057528 1 ; 358 231
0.058998193876865355 1 ; 378 231
0.099962828571545856 1 ; 402 231
0.046532843509583859 1 ; 430 231
0.0062896362506896855 0 ; 288 232
0.0095321847592857844 0 ; 411 233
0.027433419457580394 1 ; 420 233
0.009661599533802058 0 ; 437 233
0.0046998915648046764 0 ; 493 233
0.0066016165795184769 1 ; 236 234
0.064471660977572842 1 ; 309 234
0.014824040252318281 0 ; 391 234
0.0048500621730695965 0 ; 257 235
0.010384563441376053 1 ; 262 235
0.013150705369249753 0 ; 404 235
0.0084728172462679684 0 ; 458 235
0.010912199998211915 1 ; 391 236
0.0078230034726166995 1 ; 484 236
0.018980418009233807 0 ; 398 237
0.024521546710784409 1 ; 306 238
0.023314276591217733 1 ; 319 238
0.026113825504365133 1 ; 344 238
0.032703602611670199 1 ; 498 238
0.053432093393714061 1 ; 271 239
0.038143194859964376 1 ; 354 239
0.070795389950832607 1 ; 357 239
0.0397057682000986 1 ; 360 239
0.044701310629600234 1 ; 358 240
0.038313721699889614 1 ; 368 240
0.046885438129916787 1 ; 396 240
0.045449148512151358 1 ; 404 240
0.022553746098110068 1 ; 448 241
0.015399654911523857 0 ; 449 241
0.0078094511573300511 1 ; 282 242
0.010400223546219686 0 ; 265 243
0.0043667204107986192 0 ; 328 243
0.022841432328440839 1 ; 364 243
0.042997823858598246 1 ; 417 244
0.014213646583322283 1 ; 420 244
0.012980110655102279 1 ; 402 245
0.015593282990998016 1 ; 423 245
0.030058334931016298 0 ; 447 245
0.0076301079301728568 1 ; 265 246
0.098831884752453594 1 ; 298 246
0.079973203856746361 1 ; 405 246
0.016430494166320735 1 ; 441 246
0.0071581374446716755 1 ; 268 247
0.017059292150326894 1 ; 331 247
0.025221598052073302 1 ; 346 247
0.0070272273184303416 1 ; 465 247
0.046361848743608103 1 ; 371 248
0.029310902200952733 1 ; 463 248
0.0056772562741621577 0 ; 250 249
0.027395704095626486 0 ; 287 249
0.017583986812706395 0 ; 410 249
0.023527038492420153 0 ; 488 249
0.029406356106297004 0 ; 305 250
0.020496634809493167 0 ; 330 250
0.01775137663508921 0 ; 410 250
0.012731527718244613 1 ; 284 251
0.01255436615103789 0 ; 362 251
0.018665683842943041 0 ; 450 251
0.020151380066357243 0 ; 474 251
0.037803749654341641 0 ; 400 252
0.006534813991299915 0 ; 336 253
0.011402705115872538 0 ; 338 253
0.018821474072704274 0 ; 378 253
0.022257551203998371 1 ; 453 253
0.012225069031505555 0 ; 456 254
0.013068966774852425 0 ; 466 254
0.019695850023369568 0 ; 295 255
0.013909723111529826 0 ; 300 255
0.013165296935338305 0 ; 312 255
0.00770458751045058 0 ; 446 255
0.0097144124045153244 0 ; 404 257
0.017363689500861566 0 ; 361 258
0.019748659938990738 0 ; 412 258
0.074176921077464417 0 ; 425 258
0.030381999953232739 0 ; 433 258
0.014384785605400956 0 ; 355 259
0.016984652052229252 0 ; 372 259
0.037106368860608106 0 ; 429 259
0.026584791751256807 0 ; 449 259
0.041794603653353593 1 ; 291 260
0.019901876266519573 1 ; 335 260
0.016137030409722964 1 ; 339 260
0.016914316462560003 1 ; 353 260
0.030299856360533443 1 ; 434 260
0.0074522595297082791 0 ; 391 261
0.010042022504176323 0 ; 409 261
0.012708959707384579 0 ; 484 261
0.0088981224489637582 1 ; 352 262
0.0058554740148711428 1 ; 458 262
0.035566061872208107 1 ; 281 263
0.062743751865418862 1 ; 287 263
0.024610818031273247 0 ; 277 264
0.0047428966885500606 0 ; 440 264
0.00088807194376528634 0 ; 454 264
0.10070647186849309 1 ; 298 265
0.02729947039020466 1 ; 364 265
0.10513330077358082 0 ; 435 265
0.0087303694191485353 0 ; 406 266
0.0023491365855254106 0 ; 451 266
0.0075902983053702218 0 ; 486 266
0.011556235557736709 1 ; 349 267
0.0052154347088810248 1 ; 414 267
0.0064007858874017389 1 ; 428 267
0.012374885029360114 0 ; 280 268
0.012403514565249754 0 ; 331 268
0.0079833944946454839 0 ; 465 268
0.008934226966694242 0 ; 275 269
0.28296182431144179 1 ; 276 269
0.034032704507785831 0 ; 292 269
3.9458709036270756 1 ; 388 269
0.091159934556341984 0 ; 395 269
0.017056007452973882 0 ; 278 270
0.028280964745731968 0 ; 418 270
0.21376943341585955 1 ; 442 270
0.088954851903657872 1 ; 287 271
0.033614460210974147 1 ; 318 271
0.066412115601050342 1 ; 349 271
0.070488978007750072 1 ; 357 271
0.066595706429626506 1 ; 360 271
0.020742145161187019 1 ; 337 272
0.0024267671236502504 0 ; 443 272
0.043143298640728182 1 ; 420 273
0.0098726097547651975 0 ; 433 273
0.035585392272905796 0 ; 445 273
0.085000184425299857 1 ; 416 274
0.041564682337010356 1 ; 482 274
0.0096752742580574619 0 ; 292 275
0.010499393830925793 0 ; 332 275
0.017108497390592479 0 ; 432 275
0.044789898500425154 1 ; 348 276
0.19104660204519675 1 ; 388 276
0.27517920366766907 1 ; 395 276
0.067284320023990041 1 ; 405 276
0.039894906199613715 1 ; 415 276
0.026416860139657286 0 ; 392 277
0.022593992094970542 0 ; 454 277
0.005417773523215404 0 ; 478 277
0.013237912948897108 0 ; 379 279
0.0040732776616305569 0 ; 382 279
0.060398090960883923 1 ; 426 280
0.010324829979119692 0 ; 465 280
0.012401668450907684 0 ; 491 280
0.068623835674189615 1 ; 287 281
0.096359126054607072 1 ; 357 281
0.10050791008847941 1 ; 376 281
0.099440373551778732 1 ; 400 281
0.064865477837145719 1 ; 492 281
0.017037393228769952 0 ; 303 283
0.025228092635479555 0 ; 490 283
0.10486870488717165 1 ; 350 284
0.022072439449734218 1 ; 362 284
0.031947508526678894 0 ; 310 285
0.023092006136761392 0 ; 370 285
0.092720018114383296 1 ; 357 287
0.029012490230135593 0 ; 488 287
0.034443657544693085 1 ; 298 288
0.01627294681764083 0 ; 320 289
0.017677768009797899 0 ; 325 289
0.013920922168706436 0 ; 347 289
0.032705768969478168 1 ; 368 289
0.013043028298995892 0 ; 315 290
0.0028937851049378009 0 ; 422 290
0.011207077255550877 0 ; 486 290
0.0027433980565126446 0 ; 487 290
0.005005709230570682 0 ; 500 290
0.036352333466085081 1 ; 335 291
0.024820515099760545 1 ; 393 291
0.018888707536538669 0 ; 447 291
3.9621984831428128 1 ; 388 292
0.017220519483370472 0 ; 432 292
0.14585414137579381 0 ; 452 292
0.018039259538363082 0 ; 459 292
0.012424634763287734 0 ; 475 292
0.041297389809446042 1 ; 442 293
0.1041389285242123 1 ; 448 293
0.012908880989324408 0 ; 397 294
0.033661326759127932 0 ; 463 294
0.0093470525815643139 0 ; 469 294
0.01270650373953274 0 ; 312 295
0.066321306096150071 0 ; 400 295
0.03741149390678563 0 ; 446 295
0.051469000112078833 1 ; 461 295
0.025386514899323098 0 ; 341 296
0.027853149963682641 0 ; 363 296
0.0056617247569224994 0 ; 408 296
0.023782689509395931 0 ; 427 296
0.0025562826390842495 0 ; 387 297
0.010618696655445549 0 ; 392 297
0.014892091366206468 0 ; 478 297
0.052453246288176943 1 ; 323 298
0.058107996450367995 1 ; 405 298
0.064941419966528038 1 ; 435 298
0.018055936468423194 1 ; 466 298
0.0046115803423440044 0 ; 339 299
0.0010518446266372661 0 ; 413 299
0.01290174869847072 0 ; 485 299
0.019556527130143119 0 ; 312 300
0.026310610398465172 0 ; 328 300
0.057151230254396543 1 ; 384 300
0.039987224228815378 1 ; 403 300
0.015995471826186918 0 ; 446 300
0.022701177567853306 0 ; 351 301
0.019556373279425915 0 ; 471 301
0.02476424072410802 0 ; 303 302
0.011302792227622586 0 ; 385 302
0.036351522502701052 1 ; 472 302
0.01258331182664384 0 ; 490 302
0.044890788186763619 1 ; 472 303
0.017344413380756863 0 ; 490 303
0.011844580217500985 1 ; 369 304
0.030704209268850972 1 ; 463 304
0.01408121574021559 1 ; 483 304
0.014022342714804126 0 ; 330 305
0.0081246673188847488 0 ; 390 305
0.032004730694034644 1 ; 319 306
0.031085259085773649 1 ; 344 306
0.031077866643302358 1 ; 359 306
0.057440483841286472 1 ; 494 306
0.074955667167346793 1 ; 343 307
0.055390585694650885 1 ; 378 307
0.027240686874007998 0 ; 347 308
0.017536181556895021 0 ; 352 308
0.0026108707137005248 1 ; 367 308
0.0050018843155999132 1 ; 399 308
0.066036624855248652 1 ; 390 309
0.053818939959711841 1 ; 418 309
0.047868109590216472 1 ; 429 309
0.051042165072332488 0 ; 389 310
0.0050181021323005255 0 ; 334 311
0.0071296091660985649 0 ; 386 311
0.0032626156193476018 0 ; 412 311
0.0018973576433112891 0 ; 481 311
0.033761174900158432 1 ; 403 312
0.016234860833321527 0 ; 316 313
0.020287459485692688 0 ; 421 313
0.026065293892681338 1 ; 453 313
0.015638814526783375 0 ; 467 313
0.022415731083645949 1 ; 393 314
0.012142666753850366 1 ; 424 314
0.02328350239165768 0 ; 365 315
0.02115092984395681 0 ; 416 315
0.0098431550077164136 0 ; 486 315
0.012212010269560446 0 ; 487 315
0.0034970629856931014 1 ; 423 316
0.01176929033078836 0 ; 489 316
0.0091420431661524675 0 ; 427 317
0.022334026394837888 0 ; 483 317
0.063059920083792104 1 ; 349 318
0.0092941232584129504 0 ; 488 318
0.02341673655595174 1 ; 359 319
0.0066140898468348332 1 ; 498 319
0.0071794422728505437 0 ; 325 320
0.068785688561226896 1 ; 368 320
0.028402334954969438 0 ; 499 320
0.022904625153052995 1 ; 333 321
0.023302020944413988 0 ; 373 321
0.018697155775144414 0 ; 352 322
0.012158512109224183 1 ; 399 322
0.017814332959291964 0 ; 458 322
0.0042726195284729165 1 ; 435 323
0.00573073651452982 1 ; 436 323
0.0021483537798521134 1 ; 444 323
0.013801462949312468 0 ; 438 324
0.021785308430323121 0 ; 347 325
0.012237257781478448 0 ; 341 326
0.018241429145089239 0 ; 363 326
0.018632003011074431 0 ; 373 326
0.032442741279861617 1 ; 384 327
0.026093316425560238 1 ; 441 327
0.018207107327189078 1 ; 468 327
0.0050099330684101077 1 ; 471 327
0.01930229000764809 1 ; 364 328
0.028025084622050986 0 ; 446 328
0.007958174607131413 0 ; 401 329
0.0012826863416432962 0 ; 410 330
0.0098896161826747889 0 ; 401 331
0.021265251056742197 1 ; 426 331
0.0082420359125014477 0 ; 432 332
0.027873928857784554 1 ; 373 333
0.0085158544825446499 1 ; 389 333
0.012469586975702716 0 ; 386 334
0.0060676584422132297 0 ; 412 334
0.011822927970877027 0 ; 493 334
0.018892225344014916 1 ; 434 335
0.022571433188926678 1 ; 453 336
0.018934824227459058 1 ; 453 338
0.0065234100416219527 0 ; 467 338
0.0024000677029999973 0 ; 353 339
0.0034202133155342915 0 ; 413 339
0.0096143320392780406 0 ; 363 341
0.24191565108616508 1 ; 345 342
0.0069790823690264459 0 ; 387 342
0.0059549154867224929 0 ; 392 342
0.092271479345222299 1 ; 360 343
0.074002406465138421 1 ; 368 343
0.033113221182367862 1 ; 430 343
0.0801078089835391 1 ; 473 343
0.089885425823437615 1 ; 477 343
0.074735850505093737 1 ; 499 343
0.05177917108983441 1 ; 384 344
0.042737658728696552 1 ; 403 344
0.20418786883042253 1 ; 392 345
0.044841165287603957 1 ; 394 345
3.3913955083330158 1 ; 442 345
0.012128214576227887 1 ; 492 345
0.054320275761209666 1 ; 460 346
0.02834877378651627 1 ; 367 347
0.02240676450900583 1 ; 379 348
0.017831459961328323 1 ; 415 348
0.025936411177542775 1 ; 495 348
0.052161470542393028 1 ; 360 349
0.014971965547043289 1 ; 428 349
0.055188126854308996 1 ; 381 350
0.073222589694693418 1 ; 473 350
0.026702405280377858 0 ; 471 351
0.0058728927087172405 1 ; 495 351
0.01775311233424379 1 ; 399 352
0.0063073690131018791 0 ; 458 352
0.0035803669663863756 0 ; 413 353
0.08404846439560662 1 ; 381 354
0.046143940489376145 1 ; 473 354
0.01795178993654243 0 ; 372 355
0.01881428510227616 0 ; 404 355
0.0063255397303879331 0 ; 377 356
0.004983876733503363 0 ; 383 356
0.047745273395159028 1 ; 400 357
0.070040079633834754 1 ; 461 357
0.055005631570673529 1 ; 368 358
0.030236912639120785 1 ; 396 358
0.065680055612609783 1 ; 430 358
0.032153577298683032 1 ; 498 359
0.023872299876436024 1 ; 477 360
0.058962494424097393 1 ; 499 360
0.0024491335142289503 0 ; 386 361
0.0052467501739529195 0 ; 412 361
0.0066417278728461001 0 ; 445 361
0.0020899957612127941 0 ; 481 361
0.0067123184497608372 0 ; 479 362
0.099487056835744853 1 ; 426 364
0.10423087702336055 1 ; 435 364
0.025846292863985907 1 ; 446 364
0.018883921845116513 0 ; 417 365
0.018583782135808108 0 ; 487 365
0.018703330616609261 0 ; 500 365
0.0077365784235530043 1 ; 466 366
0.0061270453012860493 1 ; 399 367
0.051726506020740248 1 ; 430 368
0.075480428118670242 1 ; 499 368
0.010317600750493421 0 ; 483 369
0.0037671101200281373 0 ; 377 370
0.010603425438881776 0 ; 383 370
0.018380916900725224 0 ; 404 372
0.037047886591709579 0 ; 389 373
0.061277071818525222 1 ; 482 373
0.025918075796587763 0 ; 398 374
0.040209717687137846 1 ; 403 374
0.0062259412164038432 0 ; 439 375
0.0032727530950576911 0 ; 468 375
0.015340376676014957 0 ; 471 375
0.009228754166578151 0 ; 394 376
0.087888459194146493 1 ; 492 376
0.0088315273320217214 0 ; 383 377
0.012512268211465782 0 ; 421 378
0.013855062136656713 0 ; 382 379
0.017235271371928537 1 ; 385 380
0.057015732758744539 1 ; 388 380
0.029849327611403551 1 ; 472 380
0.065481075854332674 1 ; 426 381
0.090807606179408501 1 ; 473 381
0.059975098834864501 1 ; 403 384
0.042793902178709813 1 ; 441 384
0.018254566038011621 1 ; 470 384
0.035662165111268365 1 ; 472 385
0.0054094863320023473 0 ; 445 386
0.002217570145623893 0 ; 481 386
0.0098701258724606927 0 ; 392 387
0.020244941230583697 1 ; 462 388
0.05481636766312848 1 ; 472 388
0.046722554321016102 1 ; 482 389
0.014325490210273418 0 ; 496 390
0.010676795262192808 0 ; 484 391
0.0064486808346060596 0 ; 478 392
0.09511502923265501 1 ; 402 393
0.025692398964671286 0 ; 440 394
0.059705022496722639 1 ; 492 394
0.010624176877367789 0 ; 457 395
0.3116117609073833 1 ; 448 396
0.012897855874681992 0 ; 419 397
0.0062180200105653709 0 ; 469 397
0.047932155067023231 1 ; 403 398
0.043329497472576438 0 ; 494 398
0.080693067716650399 1 ; 461 400
0.028439477352391124 1 ; 426 401
0.038382306985429923 1 ; 447 402
0.058377824650233535 1 ; 415 405
0.0054923802227720506 0 ; 416 406
0.0097523915618387795 0 ; 451 406
0.0094996017464030382 0 ; 486 406
0.021500363784891022 0 ; 432 407
0.015891507785824814 0 ; 459 407
0.03012342135947808 1 ; 498 407
0.0079143156677588984 0 ; 484 409
0.016451694371332707 1 ; 420 411
0.0031247732281368067 0 ; 437 411
0.0047072654736350543 0 ; 481 412
0.0058602720563554981 1 ; 428 414
0.023316269724809352 1 ; 495 415
0.012911630083361188 0 ; 486 416
0.013134675072095666 0 ; 422 417
0.0062930912806878651 0 ; 500 417
0.0089311878643507769 0 ; 484 418
0.038427118019271678 1 ; 431 419
0.0074159251749830761 0 ; 438 419
0.012646974982373355 0 ; 469 419
0.044088797411878787 1 ; 434 420
0.040738206022840881 1 ; 445 420
0.014642614085434637 0 ; 467 421
0.0046844065670174403 0 ; 500 422
0.010303490088567496 1 ; 489 423
0.00721970774321862 0 ; 480 428
0.010124651537226401 0 ; 449 429
0.039319299306628822 1 ; 438 431
0.043069232747823573 1 ; 469 431
0.014905328774698419 0 ; 459 432
0.0040798119707659937 0 ; 436 435
0.0066686630679259912 0 ; 444 436
0.018918032129461807 0 ; 456 436
0.01821175964248202 0 ; 491 436
0.014117433670387492 0 ; 493 437
0.010620023727851296 0 ; 441 439
0.0039662584704265244 0 ; 468 439
0.0055781232082722726 0 ; 454 440
0.013157529235437976 0 ; 494 440
0.015603200587901593 0 ; 468 441
0.059902052765216075 1 ; 443 442
0.0085934006121644851 0 ; 456 444
0.056820820096258794 1 ; 461 446
0.0067906483286672426 0 ; 464 447
0.021825898149858244 0 ; 489 447
0.023716878058445242 1 ; 449 448
0.017578603514102276 0 ; 475 452
0.018764624377492684 1 ; 467 453
0.015054264699638446 0 ; 494 454
0.011089822430305504 0 ; 475 459
0.013046472852074525 1 ; 472 462
0.010026147307282074 0 ; 489 464
0.013441796826104684 0 ; 491 465
0.015149922997401061 0 ; 471 468
0.025725326810749616 1 ; 477 473
0.0085658880080699724 0 ; 479 474
0.0045980934362575094 0 ; 500 487
# Row grades for C_0
0 0
0 1
0 0
0 1
0 0
0 0
0 1
0 1
0 0
0 0
0 0
0 0
0 0
0 0
0 0
0 0
0 0
0 0
0 0
0 0
0 0
0 1
0 0
0 0
0 0
0 0
0 0
0 0
0 1
0 1
0 0
0 0
0 1
0 0
0 0
0 0
0 0
0 0
0 0
0 0
0 1
0 0
0 0
0 1
0 0
0 0
0 1
0 0
0 0
0 0
0 0
0 1
0 1
0 0
0 0
0 1
0 1
0 0
0 0
0 1
0 0
0 1
0 0
0 0
0 0
0 0
0 0
0 0
0 0
0 0
0 0
0 1
0 0
0 1
0 0
0 0
0 0
0 0
0 1
0 0
0 0
0 0
0 1
0 0
0 0
0 0
0 0
0 1
0 0
0 0
0 0
0 0
0 0
0 0
0 0
0 0
0 1
0 0
0 0
0 1
0 0
0 0
0 0
0 1
0 0
0 1
0 0
0 0
0 0
0 0
0 0
0 0
0 0
0 0
0 0
0 0
0 0
0 0
0 0
0 1
0 1
0 1
0 0
0 1
0 0
0 1
0 0
0 0
0 0
0 0
0 0
0 0
0 1
0 0
0 0
0 0
0 0
0 0
0 1
0 0
0 0
0 0
0 0
0 1
0 0
0 0
0 0
0 0
0 0
0 0
0 0
0 0
0 0
0 0
0 0
0 0
0 0
0 0
0 0
0 0
0 1
0 0
0 0
0 1
0 0
0 0
0 0
0 0
0 0
0 0
0 1
0 0
0 0
0 0
0 0
0 0
0 0
0 0
0 1
0 0
0 0
0 1
0 1
0 1
0 0
0 1
0 1
0 0
0 0
0 0
0 1
0 1
0 1
0 1
0 1
0 0
0 0
0 0
0 0
0 0
0 1
0 0
0 0
0 1
0 1
0 0
0 1
0 0
0 0
0 0
0 0
0 1
0 0
0 0
0 1
0 0
0 0
0 0
0 0
0 0
0 0
0 1
0 0
0 1
0 0
0 1
0 0
0 0
0 1
0 0
0 1
0 0
0 0
0 0
0 0
0 1
0 0
0 1
0 1
0 1
0 0
0 1
0 0
0 1
0 0
0 1
0 1
0 1
0 0
0 0
0 0
0 0
0 0
0 0
0 0
0 1
0 0
0 0
0 0
0 1
0 0
0 1
0 1
0 0
0 0
0 0
0 1
0 0
0 0
0 0
0 1
0 0
0 0
0 1
0 0
0 1
0 0
0 0
0 0
0 0
0 1
0 0
0 0
0 1
0 0
0 1
0 0
0 0
0 0
0 0
0 0
0 0
0 1
0 0
0 0
0 0
0 0
0 1
0 0
0 0
0 0
0 0
0 0
0 1
0 0
0 1
0 1
0 0
0 1
0 0
0 0
0 0
0 0
0 0
0 0
0 0
0 0
0 0
0 1
0 0
0 0
0 0
0 1
0 0
0 0
0 0
0 1
0 0
0 0
0 0
0 0
0 0
0 1
0 0
0 1
0 0
0 1
0 0
0 0
0 0
0 0
0 0
0 1
0 1
0 1
0 1
0 0
0 1
0 1
0 1
0 0
0 0
0 0
0 1
0 0
0 0
0 1
0 1
0 1
0 1
0 0
0 0
0 0
0 1
0 0
0 1
0 1
0 1
0 0
0 0
0 1
0 0
0 0
0 0
0 0
0 0
0 0
0 0
0 0
0 1
0 1
0 0
0 0
0 1
0 0
0 0
0 0
0 1
0 0
0 0
0 0
0 0
0 1
0 0
0 0
0 1
0 0
0 0
0 1
0 0
0 0
0 1
0 1
0 0
0 1
0 0
0 0
0 0
0 0
0 0
0 0
0 0
0 0
0 1
0 0
0 0
0 0
0 0
0 0
0 1
0 0
0 0
0 1
0 1
0 0
0 1
0 0
0 0
0 0
0 1
0 1
0 0
0 0
0 1
0 0
0 0
0 0
0 0
0 0
0 0
0 0
0 1
0 0
0 0
0 0
0 0
0 0
0 1
0 0
0 0
0 0
0 0
0 1
0 0
0 0
0 0
0 0
0 0
0 0
0 1
0 1
0 1
0 0
0 0
0 0
0 0
0 0
0 0
0 0
0 1
0 0
0 1
0 1
0 0
0 0
0 0
0 1
0 0
0 0
0 0
0 0
0 1
0 0
0 0
0 0
0 0
0 0
0 0
0 0
0 0
0 0
0 1
0 0
0 0
0 1
0 0
0 0
0 1
0 0
0 0
