# Chromatic four-circle point cloud with sparse outliers
# columns: x y f
# f: 0 for noisy circle points, 1 for outliers
# total_points: 500
# circle_points: 360
# outlier_points: 140
# local_outlier_points: 63
# background_outlier_points: 77
# circle_specs_center_x_center_y_radius: [[0.2, 0.2, 0.13], [0.82, 0.24, 0.16], [0.27, 0.83, 0.14], [0.92, 0.8, 0.18]]
# circle_points_per_circle: 90
# circle_radial_jitter: 0.018
# outlier_bounds_x_y: [[0.02, 1.12], [0.02, 1.04]]
# outlier_sampling: local points in circle disks plus background points outside all disks
# random_seed: 20260611
0.93950521990107549 0.20908015976438801 0
0.98500111489576569 0.69245056446119169 1
1.0850819394826865 0.90110698762621 0
0.39628850970472407 0.20466415401733196 1
0.19483717313139504 0.70430210830249251 0
0.13114893669073585 0.1278413454796955 0
1.1019039530730967 0.05553798681439738 1
0.32443766034075988 0.35353287623836371 1
0.20532521963122322 0.69323969253806639 0
0.96793039041446205 0.96960879640841913 0
0.065873232215052091 0.20559574449839818 0
1.0800327468553987 0.8873868280335242 0
0.37467073808492429 0.74721355083929442 0
0.21512263405688545 0.71028183439612969 0
0.23410569127388881 0.06647174784943316 0
0.32495770961809206 0.96832313841434647 0
0.1991660614373322 0.93300720891548872 0
0.77770103994139761 0.79503905836838851 0
0.98357251618266017 0.20646157294322615 0
0.12526076912052436 0.91929466701026641 0
0.32414562173436179 0.68727122981582878 0
0.97374041892083119 0.7918041313278017 1
1.0531402142119073 0.70068992054302093 0
0.18600964127757752 0.088125116441320983 0
0.86151304302635756 0.11335949377689292 0
1.0486249343830183 0.72949411004252718 0
0.31620639100606562 0.68967671747806192 0
0.85017187779182901 0.3479526729807989 0
0.31499412933423232 0.26516913090603544 1
0.53645908624563254 0.95445506168445882 1
0.33604948718158018 0.26030064518195639 0
0.13618258389442892 0.88635633521877044 0
0.17614778835578249 0.76516426984139563 1
1.0880944156153003 0.89354817583159829 0
0.92984146904049159 0.94321981447526704 0
0.32929202732011242 0.70769664914882868 0
0.12440288926583867 0.87935906120143048 0
0.025982749955127393 0.2274206365992017 0
1.0355269433840408 0.95463632997322867 0
0.85312770819217565 0.080195918322372661 0
0.76279606623866258 0.26729736447998015 1
0.89826009675732643 0.37368060620901178 0
0.90279586970930248 0.97274344990146511 0
0.67552899347919526 0.18680524420632075 1
0.066674746508935068 0.17364349464659437 0
0.10779422219347719 0.094045162003950092 0
0.92592144553289701 0.24411280611308989 1
0.28176344714330992 0.31437025466167734 0
0.93191458832655116 0.59838028014263678 0
1.0888437519968766 0.8944261264456983 0
0.93801761380408211 0.13527894017349756 0
0.75815226629336741 0.84273462138149224 1
0.21619214432269052 0.074103072120556335 1
0.1275945996247824 0.75946671263727594 0
0.19358740445141681 0.6856478077316962 0
0.546303133883414 0.60173556502304637 1
1.0736432334215913 0.43378042773331066 1
0.10329793683065433 0.8082485017979153 0
0.95953610852754412 0.96661321956762747 0
0.88487329803686987 0.24284226416262136 1
0.10963463311675654 0.10728063484449359 0
0.54166371429054627 0.11707155542374745 1
0.28256624599218555 0.13152841097371745 0
0.34061416024725177 0.92905549157835976 0
0.21292994230903517 0.71452042835089657 0
0.91677353831873221 0.6229345156885171 0
0.13971515229959522 0.90481767919637324 0
0.87840936050554597 0.10149386267802213 0
0.87066949206525146 0.63469258344107948 0
0.32199373699090339 0.72379504659021354 0
1.0470400610556596 0.88475853926401438 0
0.54946549145059265 0.34539327506024553 1
0.91986880258426418 0.09813668286198507 0
0.92592270344206251 0.24633169059262819 1
0.12972056153162759 0.80164798007768223 0
1.0857790661870124 0.70803175616825098 0
0.75565347632991775 0.89415177346712038 0
0.32817764598584792 0.948219027603043 0
0.78110360397079548 0.26171901696514677 1
1.0965140867039047 0.75838342494103139 0
0.26828265592078238 0.3081763705234617 0
0.73820773455895428 0.095565350650183373 0
0.4632848297571216 0.77822772851791799 1
0.32086768459683296 0.1876166092060797 0
1.0497342198273882 0.74296632794340045 0
0.71750214967575787 0.33093161438568774 0
0.80102687700322261 0.044306831876296221 0
0.2109172978981935 0.2628140850695202 1
1.1002053400821734 0.86971579368692253 0
0.28045082930637338 0.30286313865617392 0
0.66144043092965676 0.27874993607493598 0
0.9448085293566959 0.93660832496060342 0
0.96081148183613707 0.18803507363155664 0
0.31487535700853997 0.10674422012916381 0
1.1028947184141189 0.89728328528505585 0
0.06908859146814561 0.17714628174259894 0
0.35742757306435485 0.98437638860100063 1
0.65993328472498525 0.25280649678379336 0
0.78179435046376133 0.89136304932117327 0
0.79623702869636992 0.37119794496300196 1
0.88420001370016388 0.95227617733726444 0
1.0215842884321162 0.65891433346979467 0
0.091934887170218541 0.13369058187596417 0
1.0970807149475978 0.059459674116199311 1
0.91255502372254305 0.12927296509195055 0
0.26864837746463849 0.79716175402862344 1
0.38198543116317829 0.92062258567140753 0
0.12127912069223966 0.28055359188756346 0
0.18043972708076764 0.91977461294871876 0
0.97133588370478663 0.95979010025518852 0
0.66969323999572206 0.28244242996476515 0
0.94509575824409775 0.12236418756830449 0
0.15663988091672731 0.90061408651177732 0
0.80024657475287375 0.89162436702506453 0
0.061175707443765215 0.1346526424243373 0
0.16906347540667538 0.072062489806188929 0
0.065445467879246044 0.17813818687437055 0
1.0611793284618716 0.92510887780420958 0
0.071666408230547346 0.25967411877814628 0
1.0822589434346379 0.14240402023760709 1
0.83346348513427748 0.17261530250833695 1
0.50698907408964966 0.024951880862437919 1
0.93492487694081894 0.31125875508304851 0
0.070432975811417525 0.98148032194884582 1
0.87801597130742104 0.094738547079940699 0
0.39840217159887636 0.79733138588702379 1
0.17137461879608859 0.10887101776599691 0
0.33139823416853426 0.15669519499578338 0
0.1974367065970396 0.7104677455155004 0
0.34791950352747114 0.69662829308292529 0
0.77525378142698453 0.094640293964161903 0
0.96382635158047814 0.34227681753403932 0
0.69960069027568572 0.59669089355697047 1
0.73487421939283504 0.36131955293138196 0
0.14321547301207901 0.80314704232213963 0
0.40179509622917708 0.89124528022801719 0
0.67276542089974412 0.34820488726905735 0
0.12959645183321983 0.81549933157422783 0
0.72133548527654956 0.26350287355864022 1
0.78012272248860259 0.11212376993059603 0
0.31941388659994691 0.9848561175632311 0
0.14946230357388024 0.92637518641845418 0
0.97022534675370453 0.61322785111866418 0
0.74556391879626172 0.34307159777295482 1
0.11006067030660428 0.26871401572123771 0
0.95612756334584814 0.23008259203524511 0
0.70260721954337602 0.13815905331750283 0
0.91376230852743179 0.34761490387275756 0
0.22084871044831272 0.31996782225663173 0
0.68804652352836204 0.13217705461778267 0
0.95752261706997321 0.66330845352196321 0
0.26735924133767236 0.096527849976398863 0
0.19220094988590547 0.69740786638895191 0
0.29805818462095907 0.14648580353200102 0
0.14215696602174432 0.34057170262533293 0
0.1930979800601039 0.35535182704028129 0
0.28801715055914467 0.27525422537577449 0
0.31812224149663798 0.28520453360464548 0
0.39763628753161889 0.91925137998696438 0
0.73068623545759248 0.78920211323535738 0
0.32571067819368904 0.66699810545551241 1
0.69178972431495767 0.17888561942836839 0
0.28696768791712063 0.70939071305560131 0
0.035049420980283935 0.55990626522591125 1
0.11368116634716405 0.88548305830581042 0
0.135880131045929 0.26582394367752271 0
0.78838328916135469 0.96751876190510866 0
0.38831011298238249 0.85990255499593715 0
0.29058176317675527 0.28041083738730194 0
0.83209966500298838 0.05161697361824466 0
0.87096038613488291 0.82897053797071163 1
0.73624632925346178 0.81723612209926566 0
0.2174561859069942 0.98100361855633111 0
0.30590468405973553 0.18052472382179272 0
0.33158737077450329 0.75516450815465352 0
0.22089498701733054 0.95592533201565699 0
0.76562060693886402 0.40939748747837579 0
0.17267775076454453 0.7010831093176656 0
1.0178812466814211 0.6644198296585444 1
0.70823367264708581 0.3648463719304722 0
1.0464667983897298 0.90584923982556997 0
0.48503948223889803 0.57955706928648443 1
0.56915989174353099 0.27843202084275764 1
0.23831958698737921 0.89289510260241611 1
0.91841139207375655 0.36620510060182043 0
0.36468947341327607 0.38266897637235331 1
0.16328501005523852 0.86160119233026189 1
0.21600171431006132 0.96243446032790458 0
1.0021596956190602 0.93423592140756362 0
0.39190631308247159 0.79253876585647687 0
0.74863143937014376 0.83426324530258045 1
1.0159249767165797 0.21877251408535245 1
0.39059870068705083 0.77001865342157982 1
0.2892805756905994 0.70483659730156867 1
1.0020055701478079 0.48011622586045022 1
0.31015374202730728 0.73025408210698328 0
0.95079606671836248 0.98581263045417356 0
0.99355268503056871 0.62174691841963403 0
0.80724378823230003 0.40701773907145405 0
0.27558019295096942 0.28921501119023424 0
0.20673478738332021 0.24357339776585191 1
0.79409637582727832 0.10729042980217338 0
0.92028191706182416 0.3730329670231306 0
1.0816553816179644 0.78130576205079494 1
0.66666055035545313 0.2081753070649362 1
0.32258814045077477 0.25036460358002455 0
0.66123797594507316 0.37758311475548323 1
0.71557068451932615 0.15038788675732895 0
0.21112113010616473 0.70253970447425296 0
0.87519206543656702 0.39665769839672882 0
0.29437618736356663 0.082897738751182823 0
0.79438983539524821 0.89820330235977375 1
0.78377228818300004 0.086323443689425572 0
0.16679118407377355 0.74425815290185693 0
0.97751493278468826 0.3523045094950632 1
1.0776233893412521 0.70746782360890292 0
0.12043435911885601 0.30618898080577139 0
0.24782772448109491 0.96756825767743704 0
0.2701403351207301 0.95215355769095156 0
0.79902540364621533 0.06698993623608529 0
0.86427847258253754 0.63816244519627152 0
0.64816073494691617 0.039384028016033634 1
0.26523017562392903 0.72595702842938348 0
0.20437181634338397 0.76904857035233321 1
0.96200220798180525 0.22046996746764619 0
0.50936003599468138 0.99700066923187558 1
0.99444380641764119 0.2256526776834912 0
0.15377250142932003 0.72258585310912471 0
0.26233096714990972 0.27934080587637722 1
0.66068383093553318 0.27588177918932671 0
0.23060683533863693 0.44048287376473222 1
0.95119204053540596 0.35577492900237234 0
0.27411490060219157 0.10521843595921664 0
0.36044121989735789 0.91955262767519674 0
0.15961261118876668 0.73741480730422471 0
0.35062439496959918 0.92838185834324638 1
0.77868543700700477 0.87413970643721772 0
0.95030825520128015 0.82766658411434491 1
0.51067415544927219 0.65371257805280736 1
0.13375410837887317 0.67222445649521634 1
0.13375191061950789 0.86951852728222745 0
0.9502413164239335 0.97564216411467131 1
0.86112267698920242 0.62630603927006501 0
0.28570128272606676 0.16247355839208416 1
0.11652879528665136 0.32189196890448712 0
0.88936214676821312 0.60808563536430171 1
0.76699721732891313 0.37791243913502626 1
0.84596448106678146 0.1821412831206313 1
0.40667009780533564 0.83094686017535491 0
0.39560715382753059 0.83350346451588186 0
0.31984638333877163 0.31072081648100597 0
0.73762734238773342 0.82297676861000446 0
0.23861142521011736 0.30284170346103489 0
0.88420056133641034 0.37035638905629303 0
0.80290578526523282 0.67401444030479674 0
0.23114211545813235 0.90944475604500274 1
0.15074992612952623 0.73347206385945452 0
0.23131256099441783 0.056634283658490658 0
0.14870923116609039 0.79831549079370356 0
0.13385443450944884 0.17092326470182623 1
0.35387702762361883 0.96155878158890895 0
0.17172496491888364 0.72054719864540739 1
0.51016368308191962 0.95182282440971056 1
0.8096320434335933 0.94079351262674971 0
0.87424450492567785 0.61016676323763708 0
0.32083825937251781 0.17955944430006135 0
0.34094348132788671 0.70586113870522205 1
0.76210747542004598 0.39136777825271152 0
1.1094505486392896 0.7817021263149867 0
0.29412696941767291 0.98517863641922743 0
0.47657527355587603 0.7549905157853587 1
0.19665189679646844 0.9590106846581723 0
0.19326515953328302 0.094871634551861525 0
0.48282932848187898 0.065932117959537351 1
1.1054382050140097 0.79911426991083101 0
1.1029293972801479 0.55250607473565649 1
0.84431444884273243 0.97080218774236782 0
0.26616969165193505 0.96563329986871027 0
1.0639820973269185 0.70566910190547527 0
0.78067037901795555 0.40763056248432511 0
0.5605107975340915 0.93100781934524501 1
0.95648789028838033 0.96171664057178763 0
0.95051305284212895 0.2405598607683016 0
0.33717765866318261 0.32937541612268112 1
0.65096698987370005 0.28977773710538501 0
0.17021242782568147 0.077764900715304924 1
0.46120118580937475 0.83628154410940814 0
0.94404371852324453 0.36612575452860008 0
0.24357759587355585 0.6838610240496803 0
0.32245385488109723 0.20491723087100991 0
0.086345791204722439 0.23967911873906586 0
1.1116613797832435 0.81743681950596347 0
0.085170998677700865 0.96091555290172381 1
0.9447534348340979 0.14969101843978416 0
0.77237071879257946 0.69830772409432396 0
0.7564469382228729 0.10157088824340918 0
0.8818358249861773 0.96227224121855581 0
0.91217655970124212 0.41909445980890792 1
0.096136428832686791 0.1567038315730275 0
0.83038499912928165 0.67835199647983058 0
0.98705174774110949 0.62212362567924095 0
0.97780993468623079 0.30806684004471618 0
0.97833731501400001 0.26022967283445847 0
0.84538053450107997 0.1155334401466151 1
0.36631662287298111 0.78832400565272709 0
0.91856975201184554 0.86505498375448697 1
0.31737684716998604 0.37661128681563932 1
0.21043417365077735 0.75500493853950523 0
0.25889878551334528 0.86080539174985871 1
0.6579108499591424 0.24882316321943537 0
0.26562689543370105 0.071956468052631506 0
0.79773791731360089 0.6998329087802313 0
0.17178902003492977 0.30276767629376267 0
0.052505270798278214 0.19829208016286057 0
0.34788580917843076 0.20054642178043755 0
0.13962565558500054 0.29831786591911774 0
0.79099186357715634 0.086830718162307363 0
0.4176950022032474 0.77323807051628335 0
0.98247605403064098 0.86142239384187158 1
0.27589735812333632 0.68769092752584438 0
0.68680180179952344 0.16520265504438303 0
0.17808595479558673 0.76375041692457901 0
0.849283889044813 0.40008440500041226 1
1.0120286321220433 0.20172214980326894 0
0.27397294955016654 0.70192027104690269 0
0.69685983479241509 0.095861099337070071 0
0.95388424311903952 0.65770488878651878 1
0.85396458083446292 0.63130950287279508 0
0.71508094644581344 0.36585452207260877 0
0.39221088403780391 0.79694519790952667 0
0.73730810039230621 0.39075158630618145 0
1.0844492445714931 0.79847191268155571 0
0.64131708667910892 0.17041560232673258 1
0.27557270075186946 0.073300474233379681 0
0.15117211234405625 0.20676230417176972 1
0.24787040070577956 0.29361746645333159 0
0.17324124327762846 0.92559677248689021 1
0.21600404953422753 0.3058405867344165 0
0.10390212957744104 0.15890351299734765 0
1.0595907667387046 0.93077801859938658 0
0.71783983287837505 0.10846433671301978 0
0.87815633269212279 0.97988918209503018 0
0.2842699170719164 0.52258344397643541 1
0.90336603165682638 0.80477214857659352 1
0.69834318294605913 0.9964073915644388 1
0.78727402729592233 0.33172421774803129 1
0.23092722130976254 0.70866296589914968 0
1.0700082273138214 0.63562950068893609 1
0.3634367501622871 0.70380807053006633 1
0.49960253033366508 0.39636679781002798 1
1.0114044882774986 0.65546370011187782 0
0.18770512238580384 0.72829424998642323 0
0.10494807822047232 0.15421871936773324 0
0.50429750268716267 0.57769316240093371 1
0.13110582613412461 0.77556008794220554 0
0.69572023589663223 0.33606263992860586 0
0.61731813740259434 0.74685231214251424 1
0.10026265207707706 0.58933205007097911 1
0.96597681524807266 0.905253311278302 1
0.43543441935505395 0.62831229801670863 1
0.25804117416263217 0.071639731545057872 0
0.33124451995249393 0.28834826813370706 0
0.71288446431023766 0.12704351442894329 0
0.82186455737040898 0.60986417490224187 1
0.33576814058391968 0.24529414190381871 0
0.91137090854562708 0.37251310049854475 1
0.21411173812622647 0.75871197280742764 1
0.20051979662399988 0.63461982971684083 1
0.8556104092399498 0.094166971441134173 0
0.67968844780035642 0.32594458441404894 0
0.77377902661487741 0.23993100998343647 1
0.16646985470508774 0.7693590774652681 0
0.67351235209104221 0.12490419139573078 0
0.77913104558123869 0.80663050448611839 0
0.94168275974943694 0.62305797718540967 0
0.7541452736651596 0.90628583190658718 0
0.68718188837348393 0.3267274145378179 0
0.22222612067873534 0.32888555572162192 0
1.0607818157992268 0.67948295794844449 0
1.0063469185521405 0.35398888614222024 1
0.60092579309599248 0.44014480377130455 1
1.0720802797467519 0.70478264540340918 0
0.68963105091285049 0.34395427698388858 0
0.94072497052740023 0.70818726403731325 1
0.98119520981252273 0.33041750806342496 0
0.25912807461086496 0.076415887666638191 0
0.88364320977890498 0.96705467615638308 0
1.1088795123986512 0.33830092461402761 1
0.62442576044977749 0.1682333538335945 0
0.35248598299357031 0.77979439389742033 0
0.36012793528023301 0.94802841419326911 0
0.86666612544144161 0.97675562004004812 0
0.037051272238105101 0.24006928703651281 1
0.75211183851332364 0.92463098808885535 0
1.0907700730590819 0.73034944771965493 0
0.052170497394768131 0.62599576785567956 1
0.95752668093756788 0.1711348196374331 0
0.80781960613585091 0.84980402768373364 0
0.20221115466094966 0.76070207339129792 1
0.70191097321804563 0.79115238725547565 0
0.72012869486748432 0.38094923665029734 0
0.10273279396989141 0.34388295428811094 1
0.83169609152534785 0.75819479811531876 1
0.13707894210044577 0.74727725958920177 0
0.97287268739769028 0.51820115528686428 1
0.33308736675101419 0.16711610193519486 0
1.0550661062544611 0.85011057885561125 0
0.7677691109903052 0.10174092564226855 0
0.33491538777115937 0.95493873038040944 0
0.39454176796441348 0.79801670018429149 0
0.27988497491116937 0.1233886431019411 0
0.26631098585928054 0.065467195134339795 0
0.097919334722004786 0.15558724970671498 0
0.33113743621053904 0.70941705152290269 1
1.0464441167244529 0.60886055320230836 0
0.34327992975090876 0.16302017450185691 0
0.30705448047509643 0.22119464351748452 0
0.32479472718531366 0.94590980553801995 0
0.98332042087583182 0.17081587661198455 0
0.26116906908439824 0.14811105545485592 1
0.19772394692593864 0.33397190063426685 0
0.31678668030288526 0.20374287946095096 0
0.13356775146499744 0.30181351976017073 1
0.032601868437817698 0.18437690865626868 1
0.12961328313486842 0.049761254371243041 0
0.73105651936140548 0.43282011783081614 1
0.78140008943018857 0.071845761214984899 0
0.33860833760847331 0.71844793113678018 0
0.16381166153526211 0.85490798139746005 0
0.21883645181091643 0.5328012368999181 1
1.0298041827530025 0.10961266200021251 1
1.0774577522558362 0.81339986160737821 0
0.20238770548100848 0.077360128365608516 0
0.18759614412237213 0.19671468640394071 1
0.84112713477127343 0.40263165258583589 0
0.83915903311582973 0.39471293812318087 0
0.28556559588320451 0.12078338375185778 0
0.99491602368922716 0.18006389154481037 0
0.92990494247930722 0.62366664804649474 0
0.80254149948050635 0.93449236491840493 0
0.91225502175251005 0.63165256503409906 0
0.10103750329253539 1.0344646232138575 1
0.19773900075321063 0.96374090660613143 0
0.85204055948594726 0.39678857977255261 0
0.24945821093558673 0.081268093969549843 0
0.8050975655446051 0.65876193972188513 0
0.090282482280129486 0.27699515413477455 0
0.10071502739633682 0.83880614868449233 1
0.14802532202267094 0.84222627174165077 0
0.28259187989112022 0.31311518198521548 0
0.31685486201958285 0.17706819635606888 0
1.1097529225124159 0.87569565627873391 0
0.21043984054702353 0.26838194484171302 1
0.8112314750158911 0.94002117479732494 0
1.0832394276610338 0.8892005415334957 0
0.86557743571009849 0.38619900384069372 0
1.0773038405256443 0.7467857830363176 0
0.17553679462716876 0.73162042121295112 0
1.0858018413543149 0.84201893707539532 0
0.88392058688590036 0.29791892096509975 1
0.69506973839538477 0.63033132878108888 1
1.0763899080521513 0.31413780827678661 1
0.88800261728840146 0.14128407990812808 0
0.10367336892859173 0.27472892959546685 0
0.77752654655838815 0.38722162390690062 0
0.90164946282298664 0.38455104367322784 0
0.2029749260822051 0.30516128094429262 0
0.93685928782995753 0.62748265456651131 0
0.96087341958884598 0.1591575732173578 0
0.97433945009472589 0.69394003664520798 1
0.95842072830028679 0.64877079568200502 0
1.0503026494829617 0.31359305524658393 1
0.44421251328699807 0.53193278387570608 1
0.302758352601119 0.27887298379481495 0
1.1079814851621355 0.84201210325980713 0
0.14362717197421768 0.912442748242001 0
0.45047994247274847 0.58300027930558884 1
0.85514897827705383 0.97095068599905365 0
0.31968251723768715 0.28152617394593749 0
0.33084094290955207 0.73062020697908403 0
0.26198537322085724 0.073023791846000802 0
0.5534132482305909 0.10749447470793828 1
0.83560103305109523 0.089123519694638581 0
0.34031674500028686 0.9400601918083894 0
0.071148198683912783 0.15026886211343676 0
0.33455739725963451 0.18605834952265871 0
0.32522331636453594 0.20965379235352641 0
0.42770901070477313 0.78889829217185581 0
0.11988565607257756 0.28640417526750794 0
0.96038279335998245 0.28991047225539263 0
0.80279093679975611 0.3964106496109121 0
0.67428008389431004 0.99335098529991528 1
0.27827838437268132 0.096791020829026533 0
0.81299132568119403 0.9103411033633424 0
1.0193566867924926 0.64681927914511872 1
0.33089098207417644 0.76096530431905951 0
0.96409632329651207 0.21122113315283658 0
0.99547168265085273 0.85895290507422195 1
0.32533466589914423 0.66630357411357233 0
0.31670184730095446 0.2131113085129451 0
