# Chromatic four-circle point cloud with interior outliers
# columns: x y f
# f: 0 for circle-boundary points, 1 for interior outliers
# total_points: 200
# circle_points: 120
# outlier_points: 80
# circle_center: (0.5, 0.5)
# circle_radii: (0.16, 0.26, 0.36, 0.46)
# circle_points_per_radius: 30
# circle_radial_jitter: 0.0
# outlier_radius: 0.46
# random_seed: 20260611
0.77678818883754164 0.26980812672895393 0
0.60405394747467156 0.44028700620232492 1
0.77824749973605623 0.81598727109712588 1
0.14371869244395141 0.54700284760053441 1
0.67303660051205494 0.21675471589493217 1
0.31853104478265409 0.31380381772892085 0
0.74065372622034065 0.41042234235330294 1
0.38817214461015903 0.61443133643765946 0
0.068156939895546331 0.34153368989081234 0
0.079078512893882291 0.42017503702508696 1
0.64044648119552794 0.42335284793422379 0
0.61740908665388128 0.39130268461870182 0
0.91198507949390173 0.54309225041763332 1
0.64930036396603197 0.17241886299786674 0
0.29322685543966259 0.62665409012038142 1
0.39496527040781415 0.37930324950730282 0
0.14287393923199088 0.54539798145649465 0
0.38954709421318046 0.38424095887038467 0
0.60141521717394741 0.78785794442019341 1
0.67679573740477672 0.54996848214428751 1
0.3532844841817761 0.43616773998836877 0
0.66949528305727113 0.40635150330122582 1
0.43927980120631632 0.88599117783820891 1
0.63959358023489932 0.240095151482001 1
0.34931457161726742 0.18602330676917256 1
0.85599009933989501 0.55358217214682248 0
0.63087208080376134 0.81820213584041857 1
0.76203930137343023 0.46396086967018091 1
0.55547885823218923 0.24598799971408308 0
0.48217997371524296 0.40590637783213102 1
0.72253140919895542 0.38856950864844125 1
0.51203299259635471 0.38362978499356398 1
0.62315979370801555 0.39786447623965959 0
0.65914803138365152 0.48351048494623772 0
0.6397591499950559 0.67366125038649893 1
0.87457422435003518 0.66156196924104083 1
0.60911951235080319 0.053129848810280322 0
0.83344904760954863 0.3643101601140124 0
0.36162225984569801 0.30217894231807879 1
0.21017870487727391 0.79984299637203904 1
0.56255946480602137 0.6107543836381869 1
0.49558348867251484 0.75996248657776411 0
0.57426778487387531 0.59170325293017678 1
0.41627416336135625 0.63634509261120897 0
0.71086635612532922 0.65210318817968882 0
0.65532363340762134 0.10139979850328107 1
0.34195012984074502 0.52490458878686108 0
0.35231762916138931 0.4384376954339177 0
0.66077285343073844 0.29566671930461663 0
0.59622497110545325 0.15437381822498236 1
0.47974009150816577 0.52299183951407036 1
0.33743660141358245 0.069682510882913828 0
0.041465235934239342 0.53668610286139995 0
0.3477766745572124 0.82623313625556061 0
0.59337674553600983 0.4171436242397375 1
0.54854508938088409 0.16654303203328436 1
0.83378475446653888 0.63486192081426218 0
0.75513370361332421 0.44993211328058219 0
0.41040619088804237 0.61190990110401433 1
0.3574645916754064 0.82144661771053928 1
0.55342550530804469 0.54672513747540874 1
0.59337370436701775 0.049576475600151604 0
0.66015707942061541 0.29518371668380783 0
0.6793866756191087 0.81212244489995378 0
0.25989997005108195 0.76823865422143889 0
0.75923080179460545 0.51998477923135422 0
0.3690311564423725 0.59190844366638851 0
0.5283555420830981 0.45972104245706968 1
0.65999890783428206 0.50059117834613454 0
0.64184844534615282 0.28210319288048413 0
0.81412250649489537 0.67586088511481002 0
0.35167881765569287 0.2163868950758146 1
0.50615641516553567 0.50345325223075188 1
0.95999576772365458 0.50197324005779542 0
0.95112479029606889 0.4100754561850446 0
0.56592181071816705 0.3542114034924605 0
0.36685870085034911 0.16552519607488647 0
0.438890700002459 0.24728345235459837 0
0.63878112886948424 0.71986313531311164 0
0.95845203218831032 0.46229410944681743 0
0.76779782125825491 0.85525785473718163 1
0.30138407810465329 0.47325330175089714 1
0.85265158665892349 0.7623423680563044 1
0.61221337987003577 0.26546182106500643 0
0.67907896589906858 0.81229909377473419 0
0.2820509635849644 0.78652786518200535 0
0.6373038150625725 0.16721228633066565 0
0.26575453739855437 0.38717684966889659 0
0.95878407322021286 0.46657584467080232 0
0.59445849821347074 0.48063250767208826 1
0.88304883434851877 0.34448624045966519 1
0.68602566644293173 0.19178830096107141 0
0.4167700497044583 0.75031069704616171 1
0.75240921981026543 0.43763345644680046 0
0.37444694213259577 0.37240824000851214 1
0.69933607558411348 0.51453276719183505 1
0.14601638058419031 0.43445919450233184 0
0.25743926763332592 0.40638220728011831 0
0.15253034204120841 0.19856205149649719 0
0.47502063913077125 0.82705606114132313 1
0.2184289487380085 0.50524331292379543 1
0.25452965722311027 0.5856989545852006 0
0.60040098865583769 0.37542214692438164 0
0.15589583624278047 0.80527417919788868 0
0.27317424764586618 0.21454611284984365 1
0.15696055381897206 0.39080321266715939 0
0.70323862764328648 0.91266700889903185 0
0.71142076096947648 0.71496939399869053 1
0.33862806420403524 0.39645564878088868 1
0.62382094165206226 0.94302186673842248 0
0.1654809096655917 0.63302998985882841 0
0.37966036829118183 0.83929098579270567 0
0.28805712434677877 0.81356416023729294 1
0.63075852258488752 0.85641102074603759 1
0.3782466429145972 0.92202188646776406 1
0.3584581874655669 0.8310074248479441 0
0.66980140878890593 0.83466039629464506 1
0.20970001666890131 0.2871011515344345 0
0.84490291890953184 0.80437144499391688 0
0.83510749433586873 0.18487626677773739 0
0.1360489679701537 0.78131769635842296 0
0.45329291280607387 0.62212195043310192 1
0.48977088597924923 0.34032731847197378 0
0.24057115206711777 0.7495930144459525 0
0.80356385668811847 0.69351740209251322 0
0.27775855194617805 0.23986036196870059 1
0.58777338444344895 0.34548642604121516 1
0.14948989264837392 0.77638015900234614 1
0.2402259756829519 0.51083772532064253 0
0.55079652302660864 0.30020653386298712 1
0.71568473681900835 0.64518985606203738 0
0.19069382929746642 0.24687156970799745 1
0.19318033851598526 0.84272685235743439 0
0.40405873393606412 0.62804402940414317 0
0.35523635200694181 0.43185686960711345 0
0.75571222037511265 0.45297595986274869 0
0.2449361413744599 0.44957750479150693 0
0.85761877062793257 0.54133781434190942 0
0.86035855087804713 0.57897132856849798 1
0.6432870209389896 0.062885793378401389 0
0.6483939094927007 0.075598262245608006 1
0.69097471155586487 0.67643315886236977 0
0.52392151326475722 0.65820164728321906 0
0.30807336776397065 0.081951955107387231 0
0.73330469434142209 0.1749404351268144 1
0.67828687028699175 0.81275196543470263 0
0.47688550761114468 0.050022391749867057 1
0.60342296313600607 0.62208067290184932 0
0.11484103915777316 0.75150064588969945 0
0.040679993482122812 0.52500263210978526 0
0.19519269440283182 0.79829903413990955 1
0.46773734945116036 0.24200945486401354 0
0.46425926333279804 0.31689288842242647 1
0.13555367909382593 0.76783703468478715 1
0.31384181633336317 0.88108408359810519 1
0.62692237939191231 0.59742027309290124 0
0.85344444423687482 0.43161122286451781 0
0.86786744402498228 0.52152153037405424 1
0.78055633264520341 0.85979208747935076 1
0.26424132584991411 0.60962594384083379 0
0.34939197979255793 0.40914604754029388 1
0.39121397120899104 0.61732689350648373 0
0.64799642281093417 0.5608034442705937 0
0.86259967286776584 0.6786851911491909 1
0.59305116111514933 0.63015944612329344 0
0.50306069799821829 0.14001301116878723 0
0.08476197289457893 0.3020672315012049 0
0.44969213874955222 0.95724076709804184 0
0.40106272172676766 0.74044004443495881 0
0.70808453433270646 0.34936765549574889 1
0.40959788277491915 0.63201309480965417 0
0.61547844439468291 0.38925376358456182 0
0.59435110308953853 0.62922023582158981 0
0.1862120698596586 0.67645717581963105 0
0.3585070224455596 0.71812780038953916 0
0.59997689066473003 0.25999037241599532 0
0.75837448032256116 0.5290280539831117 0
0.18347534046033576 0.16621542890166474 0
0.64100040778014056 0.29531692246028118 1
0.61837097370113114 0.73149149570782535 0
0.23405481844752551 0.87533073469810785 0
0.35939935704887815 0.93798568378627534 0
0.84273419163592167 0.37351772170798991 1
0.54451708068307214 0.75616055419883998 0
0.18849324085582542 0.74839089483478061 1
0.13098876670968856 0.29278202797179942 1
0.52986654296031177 0.67624054052521854 1
0.75986657598452845 0.50832842638661857 0
0.27332757797488128 0.099725577767868723 0
0.21155396151839101 0.25248081493364377 1
0.051241022433946792 0.60107116331511468 0
0.6105864204371626 0.84259399238004029 0
0.34207094959942619 0.47434040063498595 0
0.38835618697437702 0.61461090267989227 0
0.22029001428154887 0.43037015990907995 1
0.65177654680157571 0.55063476909189091 0
0.058735811152985484 0.62994581809810712 0
0.15826764648130637 0.61322101641733573 0
0.87487907894947647 0.766581462532548 0
0.70173974597311473 0.9010744154548429 1
