# Two-circle point cloud with KNN distance-sum function values
# columns: x y f
# total_points: 200
# big_circle_points: 140
# small_circle_points: 60
# big_center: (0.0, 0.0)
# big_radius: 1.0
# small_center: (1.55, 0.15)
# small_radius: 0.35
# knn_q: 8
# normalized_function_values: False
1.2479371305328772 0.32360444326918719 0.52515533688495042
-0.94657819402205279 -0.40262149827944715 0.59965684661575303
0.4611085153576206 -0.88908662599405885 0.47224120751129506
-0.66119905534573709 -0.69743118365890067 1.463643828619384
-0.96653967664706231 -0.44754515531861905 0.66262455485196203
0.77268872840807157 0.63660508895313139 0.66876313662041975
1.8592490674357467 0.32540541703319065 0.34458466611249117
1.8452373645491391 0.32114400388190156 0.31781516281167754
0.45242037169249616 -0.91118479121219542 0.45131450147363256
-0.82161395007776694 -0.53209280938163939 1.1921349930299798
1.6276574563425794 0.51215603878966021 0.67247536821862308
-0.65275244661972742 0.74055347550974748 0.87979260053656572
1.6437092843235126 -0.19248585327879766 0.95577969611317215
0.52072675875300967 0.86095376330559559 0.80060615145880676
0.14095297335441997 1.0246724145561832 0.76583978726540036
0.1557793396714218 1.0676348404437197 0.97617128263740827
1.7328009121472008 -0.12873858491557361 1.0356879152943677
-0.40834517935273668 -0.83926397937969222 1.7312203291335506
1.336884950422198 0.42875673113214752 0.63795482418646099
1.4693847714095776 0.43756281803836772 0.86481292318700653
0.91099141203275824 -0.36372964072252073 1.052633580307123
1.8215840784396149 0.38112215555308709 0.63931856563803136
1.5364464698224809 -0.2318253319767202 0.99718141942611471
0.65109699531504783 0.77438257844370961 0.85794618249243837
-0.86702415793687726 -0.37830567171135371 0.8272861891756168
-0.94486984321259904 0.43253754229981106 0.95341678879101321
0.33781935303681232 -0.91992230478113846 0.65387287547748774
1.8471019717511994 0.070909040912310733 0.70351052800660796
1.3987805532076738 -0.1785239601683955 1.0645713089473858
0.89227335445171307 0.3806250948128046 1.0085334887611614
0.3777823601999909 -0.9673830376011896 0.67219073520349715
0.84347110324459074 0.50784458374973962 0.65333905779823387
1.2694713199853507 0.3707027326804947 0.46036250646532145
-0.97941987664426899 0.091246180050184325 1.2086869165066723
0.17853633236130406 0.99404795479162855 0.8273859660027687
0.79769011636881437 0.56723510870217231 0.57163520995171135
-0.97173554866026013 -0.42041906654647138 0.63156551997689081
1.264233969917524 -0.073363673438673699 1.406222588075674
0.74014257939136208 0.64352595581640992 0.80806749722803795
0.93384329399706067 0.40557492475953005 1.0313890824887719
0.422254893993455 -0.89463349108461843 0.45618777556497747
0.61222380731928372 0.83278927662365188 0.82516699685508788
0.96845345713290965 0.16024470514657441 0.70626746599338175
1.0173571330620803 -0.11308380982413045 0.84424401159297391
1.2222771792304528 0.13238725064386975 0.75457027894600381
0.44457951847048732 0.88190694865216501 0.89549922911662461
-0.98010882343307204 0.13991361568238256 1.1313158139941681
1.7817409832359534 0.35847902106357915 0.65901622378169133
1.8947135751871673 0.0973077693628496 0.76923593363625642
0.99117498008467653 -0.10459311126362356 0.79022948892909273
0.76139655935885409 -0.63591012446824247 0.70450964786482129
-0.036859038702118749 0.97881626546996237 1.3017696294727736
-0.0039413159525664397 -0.97424198968718012 1.4326786960019997
-0.94128865572426013 -0.36908425901696096 0.73696150184910758
1.2235563551822588 0.16038105676880546 0.66833288781912314
0.99730398168711987 0.087325631049580646 0.39198264179035569
-0.79473227692753234 0.79028179553462674 1.4310337480413651
0.99606494573620608 -0.26104204561753086 0.78013450085572855
-0.52127390488686154 0.85172706387434149 1.0297468886721139
1.1645153730403091 0.20778693209779162 0.76391400878347326
-0.97371524098310724 -0.41168275666675147 0.64827040579087936
0.74310425022038762 -0.61668290148047744 0.7678217751772215
0.97467057043636773 -0.1849870411248494 0.70421761638113933
-0.47134987139409029 -0.91959429073108501 1.7215241315908094
-0.67699163171036036 0.72099142339517053 0.85718637354502758
-0.90337861314845891 0.30103814380664828 0.82224078768078424
0.44366776358514026 -0.90176069775011691 0.43283586028518217
-0.77367741612788477 0.60664151886838624 0.9753049368173925
-0.40147541178040647 0.94564011698120454 1.1871118189043732
1.6314184094306241 0.51427548982720039 0.68314183584239541
-0.83414977050570671 0.41834286000147181 0.94187260231633019
0.95385350746000552 -0.28803886677160567 0.82362477982921944
0.65381518319298226 0.80014647757484669 0.85131227800111575
-0.17264212601759915 -1.0561715453088709 1.3575265219540309
-0.71466778446984691 0.72341049653983602 0.89718189955541328
1.5757454542688025 -0.20373567010668192 0.91460368081191623
-1.0422402956645054 -0.16094921095287579 1.2360561827638854
1.2085790533490655 0.29228050380411907 0.70265580903536184
0.81391366270132592 -0.67481357240029061 0.82606052610502645
-0.68757610983315642 -0.70300263898550552 1.4890061660903406
0.53025687042480119 -0.86293251026697537 0.69840527616347403
1.8009314152128504 -0.038910324613036625 0.75731828236009546
-0.82155994283478795 0.55197644046191652 0.97210677670364454
0.36784790681632862 -0.92593433332210817 0.55890380898820446
0.81219188329233705 -0.66697999386705242 0.7995961135851829
0.75993641267475387 -0.69811462669761559 0.70115965062524677
1.9102100935536082 0.011117195003345657 0.739697503202147
0.1223834392980898 0.92334954675406133 0.98943255252848272
0.89312311973653602 0.59434362271681307 0.89719197363660586
0.77457551287018012 0.62257687136068329 0.63209585051941819
0.83973830380999659 0.56461290883516846 0.59687774272338401
1.3340760040900812 -0.10621847822203341 1.25994303468146
1.2608836956477611 0.33744982619798902 0.46648173778611352
0.68467201534461297 -0.65762678902751137 0.84439266130224189
0.83853494670448681 0.49612631145537933 0.66498835912268439
0.49708088011805934 -0.84378636597271051 0.63354236699154765
1.3118281108539833 0.42884088988295604 0.62699662954811919
0.11949443809533022 1.0081733649661426 0.73397619613358778
0.98559382749532309 0.038985809040328848 0.4417012054378231
0.98377585319076732 0.074397818402303834 0.38375491104309467
-0.93595069071820558 0.29667311979971478 0.86136147255371964
-1.0010278060304367 -0.17410169928684135 1.1939517012399419
-0.88674097108234484 0.35645235752081922 0.76099054374325337
1.3173813577474087 -0.1150516081063781 1.2868711803660118
1.7470866992620548 0.44095783890233309 0.85019639478026576
-1.0391603083788037 -0.22040320336350572 1.1714409877756251
0.039370496958492755 1.037704822991147 0.99072935272255325
1.2006323981570901 0.13659937971669472 0.73008463375837818
-0.95665995813531624 0.34111450151196054 0.87695671034707878
-0.24279198714395819 -1.0098173851201164 1.3528445618878906
0.24729643246293084 -0.94349555301105525 0.98833797272501989
1.8620759275820555 0.012079849327941962 0.58643296993863858
1.5506510137731886 0.45321195305365419 0.76338834497266972
0.27193185234100481 -0.91845004867533697 0.85762915123592953
-0.31108964808775363 0.9052666324566172 1.3318135514031144
0.87812518264095729 -0.48118133413583669 1.3150475978229128
1.8080209857698923 0.00035118263852215031 0.69996109707314558
-0.37315482173611031 0.86382351818114567 1.0478133086866874
1.8739057592724619 0.18965607393666598 0.63955770235415943
1.4760212412551219 0.44132972585161395 0.86642305433316036
-0.84747516759093744 -0.39627576310653512 0.8674900679980917
-1.0905500145140885 -0.012120264754840489 1.3485626919399092
0.66326069221524742 0.79423199240809339 0.8687672212400499
0.72304223817930602 -0.69913560747845116 0.70817942526038258
-0.074735787408110807 -1.0287613322577616 1.3405880073308394
1.4601430529560291 -0.18437814492320526 1.0038578645569236
0.65363015748424436 -0.81124014753491847 0.77657808526910788
0.91215115929479151 -0.35744670815252816 1.03625606356999
1.1937267486795984 0.17909216831735955 0.65156724307870606
-0.29844006885908442 -0.94457118327774581 1.4143707931896849
-0.92426518153423498 -0.54566877628708199 1.031054184875138
0.97299859566204216 -0.035801374079280253 0.73200409883647977
0.2126181619135411 1.0029143833376026 0.92759384023704528
0.99623124318319112 -0.19184480433833725 0.71167307124423018
1.0165714209519858 0.11161798173028913 0.51002300375663889
-0.4921532057602806 0.798774151105343 0.98621300588602356
1.647136806379099 -0.18918105345056407 0.95864233288459022
0.90515281288975358 -0.17452720863110732 0.97374647342297593
1.6053684927796958 0.51053680309981508 0.70739053420879494
-0.010519975269042756 0.92579003927988468 1.3051420831745832
0.60080242741252243 -0.76513675842582463 0.82715163853983031
1.8568889213641233 0.30185593248168291 0.27584432474648901
1.8521082490583711 0.29823278437601597 0.27766602423781755
1.4274602538446528 -0.23146439322434842 1.1372565069068878
0.94134835841272879 0.3125728544109373 1.2608266088057771
-0.12094719478833092 -1.0297512697602118 1.3159940903077367
1.6242933355116407 0.47678974321481865 0.64508139848823465
-0.65666981980844774 -0.70993869303483548 1.4692803764433571
1.8655489010353128 0.29984109412864141 0.29110597198044086
0.49419284006865516 0.86767186346164982 0.81015764154875436
0.34337246968074109 0.95760511356673672 1.2361601068193724
0.99644188081361706 0.014905359389376998 0.53869123777723094
0.98993665506904716 0.043320742616588338 0.42811801795836713
0.86748217931903804 0.41597720855199261 0.86104567609111637
0.55177610578701364 0.76739691041114089 0.91865294248939067
1.8472363067212234 -0.036596961772472937 0.66075091065434854
-0.56755003630959355 0.77190394990615607 0.93634396916750773
1.2170137726598507 0.13016724512005065 0.75871259772224098
1.3548245227551021 0.42149743010600965 0.65199229964470184
0.21053870515664855 -0.9263878338146373 1.2115066247590103
-1.0094997178607481 0.031534678431295531 1.2271456343361531
1.8406818891274916 0.26861649622909289 0.37577481829960591
-0.70445693451440949 0.69304177878965056 0.87600979131295575
0.80991858327378929 -0.5010332603802975 1.2350036007435974
-0.029211400431833397 -0.99125982899638065 1.3629739037094417
-0.64626812056350347 -0.71314917276453804 1.4845892463345911
-0.88008240968129448 -0.51415295460140031 0.88310000825348078
0.97779234598470077 0.15838643799530008 0.67961615001305509
-1.0210697542404936 -0.18276088831954737 1.161435224381822
-0.88722767463814367 0.5043565077877028 0.98168177227590359
1.8717824166486552 -0.060286316316514793 0.79788566416135043
0.42880794986973497 -0.92730413100709164 0.4665207109021694
-0.42166837227048815 -0.9276078861588265 1.689634821634256
1.6770240407374328 0.46734269970514547 0.69603579932211801
1.2745121412767131 0.36140794363398104 0.44482057502275429
1.0388265448874872 -0.27711679228935765 0.97728841833127156
1.3197336158867077 0.37291237264936594 0.52057661799824262
-0.72736154188526159 0.54496420224992936 1.1146162188660613
-0.24368772397139907 0.98013763894615169 1.6630893105201929
0.53852760575087466 -0.81727084895443458 0.75759503972949771
1.8974719673095601 0.22105642711898008 0.55944047938865027
0.80236759690444848 0.5234539614597461 0.64966941217279528
1.7289452663260385 0.4151721355889384 0.83156939859271306
1.8709842166396931 0.13925784894365967 0.75084045093763696
1.4292812834269042 0.47376465470021689 0.88230118326878304
1.6787770636987591 -0.19209366942924888 1.0455151115625485
-0.94946494738289666 0.09393113330090426 1.226431822761028
-0.52726862513074491 0.77432727107956345 0.9878808696489747
-0.8247087105737787 0.51953065641370955 0.93406406231198746
1.8915388777501896 0.23652959261050169 0.49961777739530761
0.6586296031545068 -0.82008705119597725 0.81403759936748565
0.97393079708954655 0.08709161644873617 0.4051066550426935
1.2387039134256908 0.32734845667090323 0.54190911901909655
0.4612155329880126 0.87038094224508333 0.84010256084939583
1.852344752763911 0.28541972799528409 0.2881455702123446
0.39961292951042426 0.92472758598404947 1.1099188549260131
0.76785928415114557 0.6940738002404705 0.90778846769083132
-0.89515069180358275 0.30232866796036822 0.83293773073022104
0.65121716078998515 -0.81372773864818693 0.77756505607362625
-0.40231953414055316 0.88332713913927075 0.98862111409194886
